# generated 2026-09-15T16:13:28 by thffno.molecule (heff @ 0559bf1, spec_hash 7954912041cb97200d7c204fe0fb473fb9252580915fe1242bac3a6522823589)
# molecule 232Th19F+ X 3Delta1 v=0, J = 1..6, I(19F) = 1/2, basis |J, Omega=+-1, F, m_F>, 192 states
# fields E_z = 0.0 V/cm, B_z = 20.0 G (= 2.000 mT)
# Zeeman: heff's full effective tensor G = diag(G_xx, G_yy, G_zz) (below); the parity-dependent
#   part is its G_Delta = (G_xx - G_yy)/2, so nothing is added here (D14 retires D11).
#   Omega-doublet ordering: e (parity +(-1)^J) lies BELOW f at every J.
# heff parameter set thf_v1:
#   symbol             value  unit         status      source
#   A_par              -20.1  MHz          measured    Ng 2022 Table I p.5
#   B0              7274.333  MHz          derived     Ng 2022 SII B p.2 (interval = 29.09733(4) GHz); Ng thesis S4.1.1 p.78
#   D0                 3.897  kHz          measured    Gresh 2016 Table 1, X3Delta1 D'' column (1.30(4)e-7 cm-1)
#   E_eff                 35  GV/cm        ab-initio   Ng thesis Eq. C.8 discussion p.322 (JILA adopts ~35); Skripnikov & Titov 2015 give 37.3(7 %), Denis 2015 35.2
#   G_xx          0.00082211               estimate    G_perp + G_Delta with G_perp = 1.02769e-3 and G_Delta = -2.0558e-4 from the second-order sums of Petrov & Skripnikov arXiv:2503.02840 Eqs. (3)-(15); docs/lit/lookup-effective-zeeman-tensor.md S2, S4
#   G_yy          0.00123327               estimate    G_perp - G_Delta with G_perp = 1.02769e-3 and G_Delta = -2.0558e-4 from the second-order sums of Petrov & Skripnikov arXiv:2503.02840 Eqs. (3)-(15); docs/lit/lookup-effective-zeeman-tensor.md S2, S4
#   G_zz            0.046532               derived     Ng thesis p.87 (0.048(2) for g_F < 0) as the measured sum: G_zz = 0.04756 - G_perp, which keeps |g_F=3/2| = 0.0149 (Ng 2022) exact -- [HAM] S3
#   W_TP                  50  kHz          ab-initio   Skripnikov & Titov 2015 Table II p.8 (+-7 %)
#   c_I                   20  kHz          estimate    [HAM] S2.6: B&C Table 8.12 c2(19F, CsF) = 15.1 kHz at B_v = 0.183782 cm-1, scaled linearly in B
#   d_e                    0               held-fixed  
#   d_mf                3.37  D            measured    Ng 2022 Table I p.5
#   g_N              5.25773               held-fixed  19F nuclear g-factor, Petrov et al. arXiv:1704.06631 Eq. 3
#   k_TP                   0               held-fixed  
#   omega_ef            5.29  MHz          measured    Ng 2022 Table I p.5; Ng thesis Table 4.1 p.87
# coupling model A: single Omega = 1 intermediate electronic state, all its
#   rotational/hyperfine sublevels J'' <= 7, common detuning
#   (see _notes/00_decisions.md).  Parity-even, no Delta-Omega = +-2 part,
#   K = 1 part identically zero.
# sigma+ channel := Delta m_F = +1, realised by Jones pair (eps1, eps2) = ('pi', 'sigma-') in the Raman reading (eps2 conjugated)
# scale: reference (1, 1.5, '+', 0.5, 0) -> (1, 1.5, '+', 1.5, 0) set to |Omega|/2pi = 3.0 kHz (raw geometry 0.0830221976)
# each coupling listed once, direction i -> f; Omega in rad/ms
# columns: i  f  Re(Omega)  Im(Omega)  |Omega|/2pi_kHz
   0    1 +1.823971482923e+01 +0.000000000000e+00 2.90294078
   0    8 -1.354238770421e+01 +0.000000000000e+00 2.15533794
   0   24 +3.872431118149e+01 +0.000000000000e+00 6.16316554
   0   29 -3.282684621910e+01 +0.000000000000e+00 5.22455484
   0   35 +1.804163607112e+01 +0.000000000000e+00 2.87141556
   0   42 +1.623405640569e+01 +0.000000000000e+00 2.58373032
   0   82 +1.323507229840e-04 +0.000000000000e+00 2.10642718e-05
   0   91 -3.242124374627e-03 +0.000000000000e+00 0.00051600012
   1    2 -1.068618791301e+00 +0.000000000000e+00 0.170075963
   1    9 -2.266688009853e+01 +0.000000000000e+00 3.60754601
   1   25 -3.835863114026e+01 +0.000000000000e+00 6.10496576
   1   30 -2.336519138705e-01 +0.000000000000e+00 0.0371868571
   1   36 -3.148885053088e+01 +0.000000000000e+00 5.01160621
   1   43 -1.515425018399e+01 +0.000000000000e+00 2.41187383
   1   83 -2.329777360769e-04 +0.000000000000e+00 3.70795583e-05
   1   92 +5.456815050316e-03 +0.000000000000e+00 0.000868479089
   2    3 -1.885397990965e+01 +0.000000000000e+00 3.0007041
   2   26 -1.186899660877e+01 +0.000000000000e+00 1.88900948
   2   31 +3.139134493427e+01 +0.000000000000e+00 4.99608772
   2   37 +4.095023845864e+01 +0.000000000000e+00 6.51743287
   2   44 +4.027103881236e+00 +0.000000000000e+00 0.640933489
   2   84 +2.897510298519e-04 +0.000000000000e+00 4.61153087e-05
   2   93 +6.851457950087e-03 +0.000000000000e+00 0.0010904434
   3   27 -4.145792474858e+01 +0.000000000000e+00 6.59823365
   3   38 -4.123770702807e+01 +0.000000000000e+00 6.56318492
   3   45 -1.621514429755e+01 +0.000000000000e+00 2.58072037
   3   85 -2.592905121984e-04 +0.000000000000e+00 4.12673667e-05
   3   94 -6.668329531534e-03 +0.000000000000e+00 0.00106129761
   4    5 +1.824478978151e+01 +0.000000000000e+00 2.90374848
   4   10 -1.353561116108e+01 +0.000000000000e+00 2.15425942
   4   14 +3.870172322726e+01 +0.000000000000e+00 6.15957056
   4   19 -3.285343146620e+01 +0.000000000000e+00 5.22878602
   4   49 -1.805777018224e+01 +0.000000000000e+00 2.87398339
   4   56 +1.621616643397e+01 +0.000000000000e+00 2.58088305
   4   64 -1.281337647675e-04 +0.000000000000e+00 2.0393122e-05
   4   73 -3.242291670689e-03 +0.000000000000e+00 0.000516026746
   5    6 -1.052311961800e+00 +0.000000000000e+00 0.16748065
   5   11 -2.266762528643e+01 +0.000000000000e+00 3.60766461
   5   15 -3.835086055735e+01 +0.000000000000e+00 6.10372903
   5   20 -1.935985164093e-01 +0.000000000000e+00 0.0308121609
   5   50 +3.150366938346e+01 +0.000000000000e+00 5.01396471
   5   57 -1.513504356445e+01 +0.000000000000e+00 2.408817
   5   65 +2.260012489712e-04 +0.000000000000e+00 3.59692159e-05
   5   74 +5.457270235312e-03 +0.000000000000e+00 0.000868551534
   6    7 -1.884955592154e+01 +0.000000000000e+00 3
   6   16 +1.187524012950e+01 +0.000000000000e+00 1.89000317
   6   21 -3.139339064765e+01 +0.000000000000e+00 4.9964133
   6   51 -4.095381935611e+01 +0.000000000000e+00 6.51800279
   6   58 -4.006443075106e+00 +0.000000000000e+00 0.63764522
   6   66 -2.815807996810e-04 +0.000000000000e+00 4.48149761e-05
   6   75 -6.851989120440e-03 +0.000000000000e+00 0.00109052794
   7   17 -4.145792869919e+01 +0.000000000000e+00 6.59823428
   7   52 -4.122698434211e+01 +0.000000000000e+00 6.56147835
   7   59 +1.624236432086e+01 +0.000000000000e+00 2.58505257
   7   67 +2.523940209102e-04 +0.000000000000e+00 4.0169756e-05
   7   76 +6.668585801067e-03 +0.000000000000e+00 0.00106133839
   8    2 -2.266786200747e+01 +0.000000000000e+00 3.60770229
   8    9 +1.065832399840e+00 +0.000000000000e+00 0.169632495
   8   25 -2.120786319922e+01 +0.000000000000e+00 3.37533626
   8   30 -3.893699870489e+01 +0.000000000000e+00 6.19701581
   8   36 +1.855498530578e-01 +0.000000000000e+00 0.0295311763
   8   43 +3.064269341984e+01 +0.000000000000e+00 4.87693613
   8   83 -3.368083973108e-07 +0.000000000000e+00 5.36047213e-08
   8   92 -4.482523920777e-04 +0.000000000000e+00 7.1341584e-05
   9    3 -1.266794131223e+01 +0.000000000000e+00 2.01616548
   9   26 -2.965704056378e+01 +0.000000000000e+00 4.7200646
   9   31 -2.388546571582e+01 +0.000000000000e+00 3.80148994
   9   37 -2.224304089943e-01 +0.000000000000e+00 0.0354008991
   9   44 -4.291690232492e+01 +0.000000000000e+00 6.83043715
   9   84 +4.743387008122e-07 +0.000000000000e+00 7.54933489e-08
   9   93 -5.687218723804e-04 +0.000000000000e+00 9.05148972e-05
  10    6 -2.266862591125e+01 +0.000000000000e+00 3.60782387
  10   11 +1.049472732104e+00 +0.000000000000e+00 0.167028773
  10   15 -2.124807647179e+01 +0.000000000000e+00 3.3817364
  10   20 -3.892292363416e+01 +0.000000000000e+00 6.1947757
  10   50 -2.036089166030e-01 +0.000000000000e+00 0.0324053655
  10   57 +3.063688772549e+01 +0.000000000000e+00 4.87601212
  10   65 +9.939088391588e-07 +0.000000000000e+00 1.58185505e-07
  10   74 -4.462213463093e-04 +0.000000000000e+00 7.1018333e-05
  11    7 -1.267448825309e+01 +0.000000000000e+00 2.01720746
  11   16 +2.964857109628e+01 +0.000000000000e+00 4.71871665
  11   21 +2.389019722376e+01 +0.000000000000e+00 3.80224298
  11   51 +2.454590107357e-01 +0.000000000000e+00 0.0390660149
  11   58 +4.291528937771e+01 +0.000000000000e+00 6.83018044
  11   66 -1.250519052632e-06 +0.000000000000e+00 1.99026289e-07
  11   75 +5.663344389099e-04 +0.000000000000e+00 9.01349254e-05
  12    4 -4.145962182219e+01 +0.000000000000e+00 6.59850375
  12   13 -2.033876369793e+01 +0.000000000000e+00 3.23701478
  12   18 -1.057851701359e+01 +0.000000000000e+00 1.68362327
  12   48 -2.269490961151e+01 +0.000000000000e+00 3.61200705
  12   55 -1.488113135244e+01 +0.000000000000e+00 2.36840561
  12   63 -1.376501114314e+01 +0.000000000000e+00 2.19076957
  12   72 -1.013573323693e+01 +0.000000000000e+00 1.61315205
  12  122 +5.069815326848e-05 +0.000000000000e+00 8.0688617e-06
  12  133 -1.318546299331e-03 +0.000000000000e+00 0.000209853161
  13    5 +9.462435060713e+00 +0.000000000000e+00 1.50599331
  13   10 -3.085527349904e+01 +0.000000000000e+00 4.9107693
  13   14 -1.317931301315e+01 +0.000000000000e+00 2.09755281
  13   19 -2.689065869784e+00 +0.000000000000e+00 0.427978125
  13   49 -2.905533264985e+01 +0.000000000000e+00 4.62429981
  13   56 +9.252107025534e+00 +0.000000000000e+00 1.47251857
  13   64 -2.522891022289e+01 +0.000000000000e+00 4.01530577
  13   73 -1.271325526423e+01 +0.000000000000e+00 2.02337742
  13  123 -9.684900289355e-05 +0.000000000000e+00 1.54139975e-05
  13  134 +2.373515339911e-03 +0.000000000000e+00 0.000377756699
  14    6 -3.735904698685e+01 +0.000000000000e+00 5.945877
  14   11 +2.149035586608e+01 +0.000000000000e+00 3.42029636
  14   15 +3.604537905374e-01 +0.000000000000e+00 0.0573680025
  14   20 +9.350430616315e+00 +0.000000000000e+00 1.48816725
  14   50 +2.639814246268e+01 +0.000000000000e+00 4.20139486
  14   57 +4.395011050114e-02 +0.000000000000e+00 0.00699487734
  14   65 +3.581283027475e+01 +0.000000000000e+00 5.69978896
  14   74 +1.130563179286e+01 +0.000000000000e+00 1.79934718
  14  124 +1.383933024666e-04 +0.000000000000e+00 2.20259782e-05
  14  135 -3.310245275705e-03 +0.000000000000e+00 0.000526841898
  15    7 +3.993656176156e+01 +0.000000000000e+00 6.35610121
  15   16 +1.277156687540e+01 +0.000000000000e+00 2.032658
  15   21 +9.566715867513e+00 +0.000000000000e+00 1.52259012
  15   51 -1.487813192662e+01 +0.000000000000e+00 2.36792824
  15   58 +9.075815800302e+00 +0.000000000000e+00 1.44446095
  15   66 -4.402051870049e+01 +0.000000000000e+00 7.00608315
  15   75 -6.190249103714e+00 +0.000000000000e+00 0.985208744
  15  125 +1.653933515264e-04 +0.000000000000e+00 2.63231694e-05
  15  136 -3.998963662979e-03 +0.000000000000e+00 0.000636454834
  16   17 +2.066293756822e+01 +0.000000000000e+00 3.28860865
  16   52 +5.566648538637e+00 +0.000000000000e+00 0.885959631
  16   59 +1.412571629046e+01 +0.000000000000e+00 2.24817757
  16   67 +4.771424468880e+01 +0.000000000000e+00 7.5939579
  16   76 -2.471736633928e+00 +0.000000000000e+00 0.393389103
  16  126 +1.669941286698e-04 +0.000000000000e+00 2.6577941e-05
  16  137 +4.261321754006e-03 +0.000000000000e+00 0.000678210421
  17   53 -3.503794502811e+01 +0.000000000000e+00 5.57646215
  17   68 -4.282169553950e+01 +0.000000000000e+00 6.81528452
  17   77 -1.455225725398e+01 +0.000000000000e+00 2.31606368
  17  127 -1.305610008558e-04 +0.000000000000e+00 2.07794287e-05
  17  138 -3.760871281700e-03 +0.000000000000e+00 0.000598561255
  18    5 +3.277963728229e+01 +0.000000000000e+00 5.21704131
  18   10 +2.145386535600e+01 +0.000000000000e+00 3.41448872
  18   14 +9.870853332013e+00 +0.000000000000e+00 1.5709951
  18   19 +1.832384819005e+01 +0.000000000000e+00 2.91633102
  18   49 +5.325591953103e+00 +0.000000000000e+00 0.847594284
  18   56 +2.756767102602e+01 +0.000000000000e+00 4.38753111
  18   64 +5.975374218778e-03 +0.000000000000e+00 0.000951010344
  18   73 -2.071724096958e+01 +0.000000000000e+00 3.29725131
  18  123 +8.137990030152e-07 +0.000000000000e+00 1.29520134e-07
  18  134 +1.547636735437e-04 +0.000000000000e+00 2.46314037e-05
  19    6 -1.714266527622e-01 +0.000000000000e+00 0.0272833992
  19   11 -3.974500979455e+01 +0.000000000000e+00 6.32561477
  19   15 +9.350722139160e+00 +0.000000000000e+00 1.48821365
  19   20 -3.590230286008e-01 +0.000000000000e+00 0.0571402897
  19   50 +9.136932051229e+00 +0.000000000000e+00 1.4541879
  19   57 +2.631273041511e+01 +0.000000000000e+00 4.18780111
  19   65 +1.266475797467e-02 +0.000000000000e+00 0.00201565883
  19   74 -3.575060953248e+01 +0.000000000000e+00 5.68988623
  19  124 +1.394875949957e-06 +0.000000000000e+00 2.22001402e-07
  19  135 +2.661190571019e-04 +0.000000000000e+00 4.23541634e-05
  20    7 +3.134163817019e+01 +0.000000000000e+00 4.98817664
  20   16 -2.606608699986e+00 +0.000000000000e+00 0.414854659
  20   21 -1.878199192882e+01 +0.000000000000e+00 2.98924686
  20   51 -1.168503791562e+01 +0.000000000000e+00 1.85973154
  20   58 +7.125235494273e+00 +0.000000000000e+00 1.13401645
  20   66 -1.813448742583e-02 +0.000000000000e+00 0.00288619331
  20   75 +4.598995019710e+01 +0.000000000000e+00 7.31952791
  20  125 +1.633396741554e-06 +0.000000000000e+00 2.59963165e-07
  20  136 +3.236550921287e-04 +0.000000000000e+00 5.15113078e-05
  21   17 -9.935324494463e+00 +0.000000000000e+00 1.581256
  21   52 +1.157629701539e+01 +0.000000000000e+00 1.84242489
  21   59 +2.936653736798e+01 +0.000000000000e+00 4.67382958
  21   67 -1.813623065405e-02 +0.000000000000e+00 0.00288647076
  21   76 +4.583296250598e+01 +0.000000000000e+00 7.29454254
  21  126 -1.319998630386e-06 +0.000000000000e+00 2.10084307e-07
  21  137 +2.835165176108e-04 +0.000000000000e+00 4.51230552e-05
  22    0 -4.145962924722e+01 +0.000000000000e+00 6.59850493
  22   23 +2.034488395731e+01 +0.000000000000e+00 3.23798885
  22   28 +1.056675049090e+01 +0.000000000000e+00 1.68175057
  22   34 +2.268110890798e+01 +0.000000000000e+00 3.6098106
  22   41 +1.490214399117e+01 +0.000000000000e+00 2.37174988
  22   81 +1.377773942885e+01 +0.000000000000e+00 2.19279533
  22   90 +1.011846233941e+01 +0.000000000000e+00 1.6104033
  22  100 +4.860998342906e-05 +0.000000000000e+00 7.73651915e-06
  22  111 -1.318624801729e-03 +0.000000000000e+00 0.000209865655
  23    1 -9.469939973808e+00 +0.000000000000e+00 1.50718776
  23    8 +3.084635643749e+01 +0.000000000000e+00 4.9093501
  23   24 +1.317171351881e+01 +0.000000000000e+00 2.09634332
  23   29 +2.687536361938e+00 +0.000000000000e+00 0.427734697
  23   35 -2.904301909434e+01 +0.000000000000e+00 4.62234005
  23   42 -9.296920255359e+00 +0.000000000000e+00 1.47965081
  23   82 -2.524544735231e+01 +0.000000000000e+00 4.01793774
  23   91 +1.269245453337e+01 +0.000000000000e+00 2.02006688
  23  101 +9.301768558172e-05 +0.000000000000e+00 1.48042245e-05
  23  112 -2.373756924807e-03 +0.000000000000e+00 0.000377795148
  24    2 -3.735141216029e+01 +0.000000000000e+00 5.94466188
  24    9 +2.153066244086e+01 +0.000000000000e+00 3.42671136
  24   25 +3.477493592945e-01 +0.000000000000e+00 0.0553460295
  24   30 +9.350932993282e+00 +0.000000000000e+00 1.48824721
  24   36 -2.639186583201e+01 +0.000000000000e+00 4.2003959
  24   43 +2.039938821907e-04 +0.000000000000e+00 3.24666347e-05
  24   83 -3.582728232497e+01 +0.000000000000e+00 5.70208908
  24   92 +1.128442719555e+01 +0.000000000000e+00 1.79597237
  24  102 +1.331308738829e-04 +0.000000000000e+00 2.11884367e-05
  24  113 -3.310641042194e-03 +0.000000000000e+00 0.000526904887
  25    3 +3.991565102428e+01 +0.000000000000e+00 6.35277317
  25   26 -1.277838659234e+01 +0.000000000000e+00 2.03374339
  25   31 -9.572480822671e+00 +0.000000000000e+00 1.52350764
  25   37 +1.487822052399e+01 +0.000000000000e+00 2.36794234
  25   44 -9.058131750553e+00 +0.000000000000e+00 1.44164644
  25   84 +4.402789134118e+01 +0.000000000000e+00 7.00725654
  25   93 +6.168413445017e+00 +0.000000000000e+00 0.981733491
  25  103 +1.593437545573e-04 +0.000000000000e+00 2.53603462e-05
  25  114 -3.999420407170e-03 +0.000000000000e+00 0.000636527527
  26   27 -2.065767813825e+01 +0.000000000000e+00 3.28777159
  26   38 -5.563429044325e+00 +0.000000000000e+00 0.885447233
  26   45 +1.414489630070e+01 +0.000000000000e+00 2.25123017
  26   85 +4.771167043737e+01 +0.000000000000e+00 7.59354819
  26   94 -2.496873938088e+00 +0.000000000000e+00 0.39738983
  26  104 +1.611145309819e-04 +0.000000000000e+00 2.5642174e-05
  26  115 +4.261692211312e-03 +0.000000000000e+00 0.000678269381
  27   39 -3.503794669697e+01 +0.000000000000e+00 5.57646241
  27   86 -4.281048118023e+01 +0.000000000000e+00 6.8134997
  27   95 -1.458518975292e+01 +0.000000000000e+00 2.32130505
  27  105 -1.261332650007e-04 +0.000000000000e+00 2.00747326e-05
  27  116 +3.761016987491e-03 +0.000000000000e+00 0.000598584445
  28    1 -3.278214805491e+01 +0.000000000000e+00 5.21744091
  28    8 -2.145954006979e+01 +0.000000000000e+00 3.41539188
  28   24 -9.865922558783e+00 +0.000000000000e+00 1.57021034
  28   29 -1.833216152098e+01 +0.000000000000e+00 2.91765412
  28   35 +5.369791289788e+00 +0.000000000000e+00 0.854628827
  28   42 -2.755698369552e+01 +0.000000000000e+00 4.38583017
  28   82 -6.338244211169e-03 +0.000000000000e+00 0.0010087629
  28   91 +2.070989874104e+01 +0.000000000000e+00 3.29608276
  28  101 -1.117441892623e-06 +0.000000000000e+00 1.77846401e-07
  28  112 -1.533869790768e-04 +0.000000000000e+00 2.44122959e-05
  29    2 -2.109495086822e-01 +0.000000000000e+00 0.033573657
  29    9 -3.973014134457e+01 +0.000000000000e+00 6.32324838
  29   25 +9.351205567622e+00 +0.000000000000e+00 1.48829059
  29   30 -3.464117171416e-01 +0.000000000000e+00 0.0551331371
  29   36 -9.180652466487e+00 +0.000000000000e+00 1.46114622
  29   43 +2.630383868236e+01 +0.000000000000e+00 4.18638595
  29   83 +8.401398647927e-03 +0.000000000000e+00 0.00133712412
  29   92 -3.574286536275e+01 +0.000000000000e+00 5.6886537
  29  102 +1.909296601496e-06 +0.000000000000e+00 3.03873992e-07
  29  113 +2.638409327202e-04 +0.000000000000e+00 4.19915886e-05
  30    3 +3.136824154685e+01 +0.000000000000e+00 4.9924107
  30   26 +2.607988862436e+00 +0.000000000000e+00 0.415074319
  30   31 +1.877423430950e+01 +0.000000000000e+00 2.98801219
  30   37 +1.170114746593e+01 +0.000000000000e+00 1.86229546
  30   44 -7.121112170029e+00 +0.000000000000e+00 1.1333602
  30   84 -7.344841721385e-03 +0.000000000000e+00 0.00116896787
  30   93 -4.598584283755e+01 +0.000000000000e+00 7.3188742
  30  103 +2.229050319782e-06 +0.000000000000e+00 3.54764377e-07
  30  114 +3.209865248394e-04 +0.000000000000e+00 5.10865921e-05
  31   27 +9.946250311943e+00 +0.000000000000e+00 1.5829949
  31   38 -1.155398259050e+01 +0.000000000000e+00 1.83887344
  31   45 +2.936670696818e+01 +0.000000000000e+00 4.67385658
  31   85 +4.051331841942e-03 +0.000000000000e+00 0.000644789489
  31   94 +4.583426997956e+01 +0.000000000000e+00 7.29475063
  31  104 -1.796172578910e-06 +0.000000000000e+00 2.85869745e-07
  31  115 +2.812632989819e-04 +0.000000000000e+00 4.47644443e-05
  32   22 -3.503926478788e+01 +0.000000000000e+00 5.57667219
  32   33 +3.016421682133e+01 +0.000000000000e+00 4.80078421
  32   40 -1.279743340244e+01 +0.000000000000e+00 2.03677478
  32   80 -1.453056681145e+01 +0.000000000000e+00 2.31261153
  32   89 -8.066192140781e+00 +0.000000000000e+00 1.28377435
  32   99 -1.052603381654e+01 +0.000000000000e+00 1.67527031
  32  110 -6.738349781435e+00 +0.000000000000e+00 1.07244168
  32  170 +2.215965073016e-05 +0.000000000000e+00 3.52681795e-06
  32  183 -6.290685740576e-04 +0.000000000000e+00 0.000100119373
  33    0 +4.078958362740e+01 +0.000000000000e+00 6.49186386
  33   23 -6.309790363727e+00 +0.000000000000e+00 1.00423433
  33   28 +1.214839294153e+01 +0.000000000000e+00 1.93347679
  33   34 +2.655567774342e+01 +0.000000000000e+00 4.22646738
  33   41 +2.136169983992e+00 +0.000000000000e+00 0.339982012
  33   81 -2.045511453244e+01 +0.000000000000e+00 3.25553259
  33   90 -6.965875404615e+00 +0.000000000000e+00 1.1086535
  33  100 -1.974224472917e+01 +0.000000000000e+00 3.14207584
  33  111 +9.376222852628e+00 +0.000000000000e+00 1.49227221
  33  171 -4.410031059842e-05 +0.000000000000e+00 7.01878242e-06
  33  184 -1.166747192857e-03 +0.000000000000e+00 0.000185693583
  34    1 -4.109873984731e+01 +0.000000000000e+00 6.5410676
  34    8 +2.339644147573e-01 +0.000000000000e+00 0.0372365931
  34   24 +1.412351742298e+01 +0.000000000000e+00 2.24782761
  34   29 -1.198137107529e+01 +0.000000000000e+00 1.90689443
  34   35 -1.508200840153e+01 +0.000000000000e+00 2.40037619
  34   42 +5.181701047367e+00 +0.000000000000e+00 0.824693335
  34   82 +2.221701829688e+01 +0.000000000000e+00 3.53594828
  34   91 -3.851440647099e+00 +0.000000000000e+00 0.612975817
  34  101 -2.897071262113e+01 +0.000000000000e+00 4.61083212
  34  112 +1.007067661374e+01 +0.000000000000e+00 1.60279796
  34  172 -6.673748971241e-05 +0.000000000000e+00 1.06216014e-05
  34  185 -1.693434084382e-03 +0.000000000000e+00 0.000269518405
  35    2 +3.206538303217e+01 +0.000000000000e+00 5.10336421
  35    9 -1.680581424695e-01 +0.000000000000e+00 0.0267472841
  35   25 -2.605187780725e+01 +0.000000000000e+00 4.14628513
  35   30 +9.155060387606e+00 +0.000000000000e+00 1.45707311
  35   36 +3.495958272787e-01 +0.000000000000e+00 0.055639904
  35   43 -9.259973116020e+00 +0.000000000000e+00 1.47377049
  35   83 -1.996107963198e+01 +0.000000000000e+00 3.17690449
  35   92 -6.536772642369e-03 +0.000000000000e+00 0.00104035968
  35  102 +3.749033853122e+01 +0.000000000000e+00 5.9667727
  35  113 -8.952808948639e+00 +0.000000000000e+00 1.4248838
  35  173 +8.689785189952e-05 +0.000000000000e+00 1.38302227e-05
  35  186 +2.167879456319e-03 +0.000000000000e+00 0.000345028732
  36    3 -1.864101406312e+01 +0.000000000000e+00 2.96680953
  36   26 -2.922816371934e+01 +0.000000000000e+00 4.65180673
  36   31 -5.215159524052e+00 +0.000000000000e+00 0.830018417
  36   37 +1.453386505350e+01 +0.000000000000e+00 2.31313647
  36   44 +1.017771408701e+01 +0.000000000000e+00 1.61983351
  36   84 +1.369905055069e+01 +0.000000000000e+00 2.18027161
  36   93 -3.789028775659e+00 +0.000000000000e+00 0.603042659
  36  103 +4.446213864104e+01 +0.000000000000e+00 7.07636915
  36  114 -6.087079213358e+00 +0.000000000000e+00 0.968788746
  36  174 +1.011759746352e-04 +0.000000000000e+00 1.61026565e-05
  36  187 +2.543821736865e-03 +0.000000000000e+00 0.000404861804
  37   27 +2.318024921819e+01 +0.000000000000e+00 3.68925125
  37   38 -2.641154197326e+01 +0.000000000000e+00 4.20352746
  37   45 +7.927996879369e+00 +0.000000000000e+00 1.26177989
  37   85 -3.415213660871e+00 +0.000000000000e+00 0.543548136
  37   94 +6.708384615329e+00 +0.000000000000e+00 1.06767257
  37  104 -4.881579881415e+01 +0.000000000000e+00 7.76927568
  37  115 -1.521422391108e+00 +0.000000000000e+00 0.242141894
  37  175 -1.059932823609e-04 +0.000000000000e+00 1.68693548e-05
  37  188 +2.763806133182e-03 +0.000000000000e+00 0.000439873408
  38   39 -3.049578704812e+01 +0.000000000000e+00 4.85355525
  38   86 -1.091396714838e+01 +0.000000000000e+00 1.73701182
  38   95 +7.612223975318e+00 +0.000000000000e+00 1.21152307
  38  105 +4.892304837396e+01 +0.000000000000e+00 7.78634498
  38  116 +4.703190214877e+00 +0.000000000000e+00 0.748535971
  38  176 -9.751520629197e-05 +0.000000000000e+00 1.55200271e-05
  38  189 -2.741438028863e-03 +0.000000000000e+00 0.000436313413
  39   87 -2.931429323680e+01 +0.000000000000e+00 4.66551467
  39  106 -4.143596223528e+01 +0.000000000000e+00 6.59473821
  39  117 -1.254986973244e+01 +0.000000000000e+00 1.9973738
  39  177 -7.111223434220e-05 +0.000000000000e+00 1.13178636e-05
  39  190 +2.298390419311e-03 +0.000000000000e+00 0.000365800196
  40    0 -1.730929696290e+01 +0.000000000000e+00 2.75486017
  40   23 -1.486601748001e+01 +0.000000000000e+00 2.36600017
  40   28 +2.861162020614e+01 +0.000000000000e+00 4.55368079
  40   34 +8.280352731907e+00 +0.000000000000e+00 1.31785907
  40   41 -3.066175847434e+01 +0.000000000000e+00 4.87997043
  40   81 -2.007756579452e+00 +0.000000000000e+00 0.319544384
  40   90 +1.750253249700e+01 +0.000000000000e+00 2.78561456
  40  100 -3.950466110754e-02 +0.000000000000e+00 0.00628736209
  40  111 -1.463200553027e+01 +0.000000000000e+00 2.32875601
  40  171 -5.007652141461e-07 +0.000000000000e+00 7.96992592e-08
  40  184 +6.618341323122e-05 +0.000000000000e+00 1.05334174e-05
  41    1 +4.628710037429e+00 +0.000000000000e+00 0.736682083
  41    8 +4.271275939813e+01 +0.000000000000e+00 6.79794679
  41   24 +9.279445158821e+00 +0.000000000000e+00 1.47686957
  41   29 -7.869759051899e+00 +0.000000000000e+00 1.25251105
  41   35 +1.040142341589e+01 +0.000000000000e+00 1.65543795
  41   42 -1.917851494453e+01 +0.000000000000e+00 3.05235545
  41   82 -3.632895689010e+00 +0.000000000000e+00 0.578193307
  41   91 -2.215549875496e+01 +0.000000000000e+00 3.52615714
  41  101 +7.444663369157e-02 +0.000000000000e+00 0.0118485497
  41  112 +2.665709526090e+01 +0.000000000000e+00 4.24260848
  41  172 +9.578250698427e-07 +0.000000000000e+00 1.52442594e-07
  41  185 -1.244881437058e-04 +0.000000000000e+00 1.98129034e-05
  42    2 -1.538072164738e+01 +0.000000000000e+00 2.44791788
  42    9 -2.992385324609e+01 +0.000000000000e+00 4.76252916
  42   25 -6.185048699631e-03 +0.000000000000e+00 0.000984381074
  42   30 +2.665016201801e+01 +0.000000000000e+00 4.24150502
  42   36 -9.260063534025e+00 +0.000000000000e+00 1.47378488
  42   43 -3.489687026024e-01 +0.000000000000e+00 0.055540094
  42   83 +5.092187888038e+00 +0.000000000000e+00 0.810446874
  42   92 +1.984456896471e+01 +0.000000000000e+00 3.15836124
  42  102 -1.049656066675e-01 +0.000000000000e+00 0.0167057952
  42  113 -3.762050969027e+01 +0.000000000000e+00 5.98749008
  42  173 -1.338177774701e-06 +0.000000000000e+00 2.12977608e-07
  42  186 +1.752488669522e-04 +0.000000000000e+00 2.78917234e-05
  43    3 +1.554273048232e+01 +0.000000000000e+00 2.47370239
  43   26 +9.032746889846e+00 +0.000000000000e+00 1.43760632
  43   31 -2.747843782675e+01 +0.000000000000e+00 4.37332921
  43   37 +5.070281591549e+00 +0.000000000000e+00 0.806960378
  43   44 +1.974294912387e+01 +0.000000000000e+00 3.14218794
  43   84 -6.181873252658e+00 +0.000000000000e+00 0.983875686
  43   93 +1.085185357102e+01 +0.000000000000e+00 1.72712614
  43  103 -1.237991701737e-01 +0.000000000000e+00 0.0197032499
  43  114 -4.598255290206e+01 +0.000000000000e+00 7.31835059
  43  174 -1.526756081081e-06 +0.000000000000e+00 2.42990777e-07
  43  187 +2.064350167743e-04 +0.000000000000e+00 3.28551533e-05
  44   27 -1.411239425202e+01 +0.000000000000e+00 2.2460573
  44   38 +2.045331203426e+00 +0.000000000000e+00 0.325524571
  44   45 +3.088575668574e+01 +0.000000000000e+00 4.91562085
  44   85 +6.619064750087e+00 +0.000000000000e+00 1.05345687
  44   94 +4.721066627979e+00 +0.000000000000e+00 0.751381091
  44  104 +1.233820085389e-01 +0.000000000000e+00 0.0196368565
  44  115 -4.956942985504e+01 +0.000000000000e+00 7.88921979
  44  175 +1.431360516243e-06 +0.000000000000e+00 2.27808102e-07
  44  188 +2.055403420456e-04 +0.000000000000e+00 3.27127614e-05
  45   39 -1.198840121215e+01 +0.000000000000e+00 1.90801331
  45   86 +5.869179247808e+00 +0.000000000000e+00 0.934108889
  45   95 -2.681365990951e+01 +0.000000000000e+00 4.26752652
  45  105 +9.523484600745e-02 +0.000000000000e+00 0.0151570965
  45  116 +4.425169189799e+01 +0.000000000000e+00 7.04287551
  45  176 -1.000372351913e-06 +0.000000000000e+00 1.59214205e-07
  45  189 +1.585381589514e-04 +0.000000000000e+00 2.52321317e-05
  46   12 -3.503926792561e+01 +0.000000000000e+00 5.57667269
  46   47 +3.017359942944e+01 +0.000000000000e+00 4.8022775
  46   54 +1.277531809390e+01 +0.000000000000e+00 2.03325502
  46   62 +1.452146279616e+01 +0.000000000000e+00 2.31116258
  46   71 +8.082564983929e+00 +0.000000000000e+00 1.28638017
  46  121 +1.053606677385e+01 +0.000000000000e+00 1.67686711
  46  132 +6.722676835542e+00 +0.000000000000e+00 1.06994725
  46  144 -2.099888913112e-05 +0.000000000000e+00 3.342077e-06
  46  157 +6.291084548683e-04 +0.000000000000e+00 0.00010012572
  47    4 +4.080227959603e+01 +0.000000000000e+00 6.49388449
  47   13 +6.305907323615e+00 +0.000000000000e+00 1.00361632
  47   18 -1.212374715072e+01 +0.000000000000e+00 1.92955429
  47   48 -2.655156776543e+01 +0.000000000000e+00 4.22581326
  47   55 -2.134057876630e+00 +0.000000000000e+00 0.33964586
  47   63 +2.044485549190e+01 +0.000000000000e+00 3.25389981
  47   72 +7.004387614417e+00 +0.000000000000e+00 1.11478291
  47  122 -1.975706252632e+01 +0.000000000000e+00 3.14443416
  47  133 +9.355696470287e+00 +0.000000000000e+00 1.48900534
  47  145 +4.186373112424e-05 +0.000000000000e+00 6.66281974e-06
  47  158 -1.166877639862e-03 +0.000000000000e+00 0.000185714344
  48    5 +4.109452182620e+01 +0.000000000000e+00 6.54039628
  48   10 -2.582257345365e-01 +0.000000000000e+00 0.0410979021
  48   14 -1.412386422033e+01 +0.000000000000e+00 2.24788281
  48   19 +1.199836337090e+01 +0.000000000000e+00 1.90959884
  48   49 -1.506719919232e+01 +0.000000000000e+00 2.39801923
  48   56 -5.178916290619e+00 +0.000000000000e+00 0.824250128
  48   64 +2.220858725874e+01 +0.000000000000e+00 3.53460644
  48   73 +3.900847197904e+00 +0.000000000000e+00 0.620839114
  48  123 +2.898689886016e+01 +0.000000000000e+00 4.61340824
  48  134 -1.004861792354e+01 +0.000000000000e+00 1.59928721
  48  146 -6.345869180374e-05 +0.000000000000e+00 1.00997645e-05
  48  159 +1.693674023976e-03 +0.000000000000e+00 0.000269556593
  49    6 -3.205013476210e+01 +0.000000000000e+00 5.10093737
  49   11 +1.865982303747e-01 +0.000000000000e+00 0.0296980307
  49   15 +2.604574421387e+01 +0.000000000000e+00 4.14530894
  49   20 -9.198878624056e+00 +0.000000000000e+00 1.464047
  49   50 +3.313599608018e-01 +0.000000000000e+00 0.0527375757
  49   57 +9.260657925951e+00 +0.000000000000e+00 1.47387949
  49   65 -1.995597819547e+01 +0.000000000000e+00 3.17609257
  49   74 -3.867834898870e-02 +0.000000000000e+00 0.00615585043
  49  124 -3.750446802662e+01 +0.000000000000e+00 5.96902147
  49  135 +8.930587730334e+00 +0.000000000000e+00 1.42134718
  49  147 +8.275990841107e-05 +0.000000000000e+00 1.31716485e-05
  49  160 -2.168212913316e-03 +0.000000000000e+00 0.000345081803
  50    7 +1.862586912710e+01 +0.000000000000e+00 2.96439914
  50   16 -2.921659102023e+01 +0.000000000000e+00 4.64996488
  50   21 -5.257302410977e+00 +0.000000000000e+00 0.836725666
  50   51 +1.454767546807e+01 +0.000000000000e+00 2.31533446
  50   58 +1.018427019189e+01 +0.000000000000e+00 1.62087694
  50   66 +1.369752761663e+01 +0.000000000000e+00 2.18002923
  50   75 -3.762147838189e+00 +0.000000000000e+00 0.598764425
  50  125 -4.447122785038e+01 +0.000000000000e+00 7.07781574
  50  136 +6.064547498583e+00 +0.000000000000e+00 0.965202712
  50  148 +9.650398290465e-05 +0.000000000000e+00 1.53590859e-05
  50  161 -2.544200495684e-03 +0.000000000000e+00 0.000404922085
  51   17 -2.316796721531e+01 +0.000000000000e+00 3.6872965
  51   52 +2.641500782747e+01 +0.000000000000e+00 4.20407907
  51   59 +7.937416775508e+00 +0.000000000000e+00 1.26327912
  51   67 -3.416396627795e+00 +0.000000000000e+00 0.543736411
  51   76 +6.708956668403e+00 +0.000000000000e+00 1.06776362
  51  126 -4.881778722852e+01 +0.000000000000e+00 7.76959215
  51  137 -1.497181009247e+00 +0.000000000000e+00 0.238283758
  51  149 +1.012447329334e-04 +0.000000000000e+00 1.61135997e-05
  51  162 +2.764158689217e-03 +0.000000000000e+00 0.000439929519
  52   53 -3.048785962222e+01 +0.000000000000e+00 4.85229356
  52   68 -1.091196792573e+01 +0.000000000000e+00 1.73669363
  52   77 +7.638307980702e+00 +0.000000000000e+00 1.21567447
  52  127 +4.891743440673e+01 +0.000000000000e+00 7.78545149
  52  138 -4.731579953993e+00 +0.000000000000e+00 0.753054338
  52  150 +9.327474942096e-05 +0.000000000000e+00 1.48451374e-05
  52  163 -2.741685890350e-03 +0.000000000000e+00 0.000436352862
  53   69 -2.931429407438e+01 +0.000000000000e+00 4.66551481
  53  128 -4.142508368011e+01 +0.000000000000e+00 6.59300684
  53  139 -1.258570741745e+01 +0.000000000000e+00 2.00307755
  53  151 +6.810938505667e-05 +0.000000000000e+00 1.08399453e-05
  53  164 +2.298477736641e-03 +0.000000000000e+00 0.000365814093
  54    4 +1.727938888207e+01 +0.000000000000e+00 2.75010015
  54   13 -1.488722294167e+01 +0.000000000000e+00 2.36937512
  54   18 +2.861190643441e+01 +0.000000000000e+00 4.55372634
  54   48 +8.271444558483e+00 +0.000000000000e+00 1.31644129
  54   55 -3.066785296865e+01 +0.000000000000e+00 4.88094039
  54   63 -2.044729648699e+00 +0.000000000000e+00 0.325428831
  54   72 +1.749486229493e+01 +0.000000000000e+00 2.78439381
  54  122 +3.083094304976e-02 +0.000000000000e+00 0.00490689699
  54  133 +1.462520098314e+01 +0.000000000000e+00 2.32767303
  54  145 -6.583068402629e-07 +0.000000000000e+00 1.04772788e-07
  54  158 -6.532617628460e-05 +0.000000000000e+00 1.03969839e-05
  55    5 -4.650905037093e+00 +0.000000000000e+00 0.740214527
  55   10 -4.271425272928e+01 +0.000000000000e+00 6.79818446
  55   14 -9.260954763102e+00 +0.000000000000e+00 1.47392673
  55   19 +7.865022059351e+00 +0.000000000000e+00 1.25175714
  55   49 +1.039635102996e+01 +0.000000000000e+00 1.65463066
  55   56 +1.919361131327e+01 +0.000000000000e+00 3.05475812
  55   64 -3.682279654696e+00 +0.000000000000e+00 0.586053009
  55   73 +2.214715003047e+01 +0.000000000000e+00 3.5248284
  55  123 -5.828635470591e-02 +0.000000000000e+00 0.00927656147
  55  134 -2.664789767380e+01 +0.000000000000e+00 4.24114464
  55  146 +1.257533963176e-06 +0.000000000000e+00 2.00142746e-07
  55  159 +1.229168272757e-04 +0.000000000000e+00 1.95628207e-05
  56    6 -1.540214631012e+01 +0.000000000000e+00 2.45132772
  56   11 -2.992900950062e+01 +0.000000000000e+00 4.7633498
  56   15 +3.744267819857e-02 +0.000000000000e+00 0.00595918732
  56   20 +2.664103379959e+01 +0.000000000000e+00 4.24005222
  56   50 +9.260738016961e+00 +0.000000000000e+00 1.47389223
  56   57 -3.308045558875e-01 +0.000000000000e+00 0.0526491803
  56   65 -5.137369469790e+00 +0.000000000000e+00 0.817637746
  56   74 +1.983801474816e+01 +0.000000000000e+00 3.15731811
  56  124 -8.243225670194e-02 +0.000000000000e+00 0.0131195011
  56  135 -3.761179169594e+01 +0.000000000000e+00 5.98610257
  56  147 +1.754695740151e-06 +0.000000000000e+00 2.79268501e-07
  56  160 +1.730923929948e-04 +0.000000000000e+00 2.754851e-05
  57    7 +1.556084395667e+01 +0.000000000000e+00 2.47658523
  57   16 -9.075670240476e+00 +0.000000000000e+00 1.44443778
  57   21 +2.746855862407e+01 +0.000000000000e+00 4.37175688
  57   51 -5.073295387556e+00 +0.000000000000e+00 0.807440039
  57   58 -1.972866142005e+01 +0.000000000000e+00 3.13991399
  57   66 +6.208127719551e+00 +0.000000000000e+00 0.988054214
  57   75 -1.084813899098e+01 +0.000000000000e+00 1.72653494
  57  125 -9.750901116619e-02 +0.000000000000e+00 0.0155190411
  57  136 -4.597681977034e+01 +0.000000000000e+00 7.31743813
  57  148 +1.999524326993e-06 +0.000000000000e+00 3.1823418e-07
  57  161 +2.039576732750e-04 +0.000000000000e+00 3.24608719e-05
  58   17 +1.413254081429e+01 +0.000000000000e+00 2.24926373
  58   52 -2.047929140116e+00 +0.000000000000e+00 0.325938046
  58   59 +3.088020225666e+01 +0.000000000000e+00 4.91473683
  58   67 +6.617153191186e+00 +0.000000000000e+00 1.05315264
  58   76 +4.722077570613e+00 +0.000000000000e+00 0.751541987
  58  126 +9.745574239365e-02 +0.000000000000e+00 0.0155105631
  58  137 -4.956826792286e+01 +0.000000000000e+00 7.88903486
  58  149 -1.872358562296e-06 +0.000000000000e+00 2.9799512e-07
  58  162 +2.031339519848e-04 +0.000000000000e+00 3.23297726e-05
  59   53 +1.200853445410e+01 +0.000000000000e+00 1.91121762
  59   68 -5.841362209205e+00 +0.000000000000e+00 0.92968167
  59   77 +2.681313193017e+01 +0.000000000000e+00 4.26744249
  59  127 -7.542837186831e-02 +0.000000000000e+00 0.0120047982
  59  138 +4.425489472846e+01 +0.000000000000e+00 7.04338525
  59  150 -1.307067397406e-06 +0.000000000000e+00 2.08026237e-07
  59  163 -1.567267635765e-04 +0.000000000000e+00 2.49438391e-05
  60   46 -2.931523653453e+01 +0.000000000000e+00 4.6656648
  60   61 +3.292474416907e+01 +0.000000000000e+00 5.24013578
  60   70 -1.212489468006e+01 +0.000000000000e+00 1.92973692
  60  120 -1.003468598409e+01 +0.000000000000e+00 1.59706988
  60  131 -4.928772961536e+00 +0.000000000000e+00 0.78443858
  60  143 -8.302578103559e+00 +0.000000000000e+00 1.32139635
  60  156 +4.777409269867e+00 +0.000000000000e+00 0.7603483
  61   12 +4.243952270735e+01 +0.000000000000e+00 6.75445982
  61   47 -1.126302939683e+01 +0.000000000000e+00 1.7925668
  61   54 +6.235347566121e+00 +0.000000000000e+00 0.992386387
  61   62 +3.308095697214e+01 +0.000000000000e+00 5.26499782
  61   71 +4.537364537428e+00 +0.000000000000e+00 0.722143995
  61  121 -1.484388564441e+01 +0.000000000000e+00 2.36247777
  61  132 -4.887027445766e+00 +0.000000000000e+00 0.777794575
  61  144 +1.578272983982e+01 +0.000000000000e+00 2.51189947
  61  157 -7.010166475083e+00 +0.000000000000e+00 1.11570265
  62    4 -2.407962416189e-04 +0.000000000000e+00 3.83239121e-05
  62   13 -4.762876018189e+01 +0.000000000000e+00 7.58035262
  62   18 +1.847351529145e-02 +0.000000000000e+00 0.00294015127
  62   48 -2.967895021132e+00 +0.000000000000e+00 0.472355163
  62   55 -6.872052471371e+00 +0.000000000000e+00 1.09372112
  62   63 +2.543170751597e+01 +0.000000000000e+00 4.04758196
  62   72 -1.300631710242e+00 +0.000000000000e+00 0.207001966
  62  122 +1.738839681486e+01 +0.000000000000e+00 2.76744931
  62  133 -3.701959205555e+00 +0.000000000000e+00 0.589185107
  62  145 -2.357069080498e+01 +0.000000000000e+00 3.75139195
  62  158 +8.149915628517e+00 +0.000000000000e+00 1.29709936
  63    5 +2.780987188962e-04 +0.000000000000e+00 4.42607858e-05
  63   10 +1.327019635211e-06 +0.000000000000e+00 2.11201735e-07
  63   14 +4.425706041886e+01 +0.000000000000e+00 7.04372993
  63   19 +2.355811781769e-02 +0.000000000000e+00 0.0037493909
  63   49 +1.332997145987e+01 +0.000000000000e+00 2.12153085
  63   56 -6.272769112582e+00 +0.000000000000e+00 0.998342211
  63   64 -1.378481852104e+01 +0.000000000000e+00 2.19392201
  63   73 +5.437697912748e+00 +0.000000000000e+00 0.865436502
  63  123 +1.777491351291e+01 +0.000000000000e+00 2.82896535
  63  134 -1.963757000430e+00 +0.000000000000e+00 0.312541634
  63  146 -3.123685033921e+01 +0.000000000000e+00 4.97149914
  63  159 +8.274380231892e+00 +0.000000000000e+00 1.31690851
  64    6 -2.310349302839e-04 +0.000000000000e+00 3.67703512e-05
  64   11 -1.107308813948e-06 +0.000000000000e+00 1.76233671e-07
  64   15 -3.626349804163e+01 +0.000000000000e+00 5.77151497
  64   20 -2.120179699911e-02 +0.000000000000e+00 0.00337437079
  64   50 -1.977411403230e+01 +0.000000000000e+00 3.14714799
  64   57 +5.050478791814e+00 +0.000000000000e+00 0.803808665
  64   65 +3.166936672244e-01 +0.000000000000e+00 0.0504033626
  64   74 -7.918150073079e+00 +0.000000000000e+00 1.26021272
  64  124 -1.602164630470e+01 +0.000000000000e+00 2.54992421
  64  135 +2.599193823723e-03 +0.000000000000e+00 0.000413674545
  64  147 +3.832384582762e+01 +0.000000000000e+00 6.0994295
  64  160 -7.417237873884e+00 +0.000000000000e+00 1.18049007
  65    7 +1.355914080323e-04 +0.000000000000e+00 2.15800428e-05
  65   16 +2.572980354588e+01 +0.000000000000e+00 4.09502542
  65   21 -1.328944243448e-02 +0.000000000000e+00 0.00211508045
  65   51 +2.224368033154e+01 +0.000000000000e+00 3.54019168
  65   58 +3.522138558402e+00 +0.000000000000e+00 0.560565762
  65   66 +1.323308504364e+01 +0.000000000000e+00 2.1061109
  65   75 +8.780012243656e+00 +0.000000000000e+00 1.39738235
  65  125 -1.212804918025e+01 +0.000000000000e+00 1.93023898
  65  136 -1.927391273185e+00 +0.000000000000e+00 0.306753848
  65  148 +4.432776124924e+01 +0.000000000000e+00 7.05498232
  65  161 -5.601814754697e+00 +0.000000000000e+00 0.891556508
  66   17 +1.413938782088e+01 +0.000000000000e+00 2.25035346
  66   52 +2.065395466259e+01 +0.000000000000e+00 3.28717898
  66   59 +1.902932747232e+00 +0.000000000000e+00 0.302861153
  66   67 -2.510899091454e+01 +0.000000000000e+00 3.99622002
  66   76 -8.047503913068e+00 +0.000000000000e+00 1.28080003
  66  126 -6.087828306580e+00 +0.000000000000e+00 0.968907968
  66  137 +3.580113034315e+00 +0.000000000000e+00 0.569792686
  66  149 +4.863911438459e+01 +0.000000000000e+00 7.74115548
  66  162 +2.847447620160e+00 +0.000000000000e+00 0.453185364
  67   53 +1.478335091460e+01 +0.000000000000e+00 2.35284337
  67   68 -3.308104591538e+01 +0.000000000000e+00 5.26501198
  67   77 +5.690068771205e+00 +0.000000000000e+00 0.905602571
  67  127 +2.107350204401e+00 +0.000000000000e+00 0.335395202
  67  138 +4.652690922395e+00 +0.000000000000e+00 0.740498759
  67  150 -5.042769564429e+01 +0.000000000000e+00 8.02581703
  67  163 -8.286444215580e-01 +0.000000000000e+00 0.131882856
  68   69 -3.322138796881e+01 +0.000000000000e+00 5.28734811
  68  128 -1.246653119745e+01 +0.000000000000e+00 1.98411006
  68  139 +4.618312504996e+00 +0.000000000000e+00 0.735027264
  68  151 -4.835707158551e+01 +0.000000000000e+00 7.69626698
  68  164 +5.410641769389e+00 +0.000000000000e+00 0.861130383
  69  129 -2.499892149218e+01 +0.000000000000e+00 3.97870193
  69  152 +3.954426043982e+01 +0.000000000000e+00 6.29366452
  69  165 -1.088378874883e+01 +0.000000000000e+00 1.73220878
  70   12 -1.563082809885e+01 +0.000000000000e+00 2.48772356
  70   47 -8.031923311068e+00 +0.000000000000e+00 1.2783203
  70   54 +2.646293088063e+01 +0.000000000000e+00 4.21170626
  70   62 +6.003144057164e+00 +0.000000000000e+00 0.955430051
  70   71 -3.434465793958e+01 +0.000000000000e+00 5.46612208
  70  121 -9.419782537354e-01 +0.000000000000e+00 0.149920495
  70  132 +1.184089248638e+01 +0.000000000000e+00 1.88453657
  70  144 +4.241912992214e-02 +0.000000000000e+00 0.00675121421
  70  157 +1.094378428279e+01 +0.000000000000e+00 1.74175736
  71    4 -7.054775652461e-03 +0.000000000000e+00 0.00112280242
  71   13 -2.625178936249e+00 +0.000000000000e+00 0.417810204
  71   18 -4.591275251268e+01 +0.000000000000e+00 7.30724151
  71   48 -6.962743849669e+00 +0.000000000000e+00 1.1081551
  71   55 +4.273041080552e+00 +0.000000000000e+00 0.68007561
  71   63 -8.339969734221e+00 +0.000000000000e+00 1.32734741
  71   72 +2.983514318575e+01 +0.000000000000e+00 4.74841052
  71  122 -1.747221868782e+00 +0.000000000000e+00 0.278078997
  71  133 -1.656672568877e+01 +0.000000000000e+00 2.63667628
  71  145 +8.296139110747e-02 +0.000000000000e+00 0.0132037155
  71  158 +2.044294332208e+01 +0.000000000000e+00 3.25359548
  72    5 +6.851617457078e-03 +0.000000000000e+00 0.00109046879
  72   10 -5.715121033677e-04 +0.000000000000e+00 9.09589763e-05
  72   14 -6.280653087884e+00 +0.000000000000e+00 0.999596985
  72   19 -4.574983439129e+01 +0.000000000000e+00 7.28131229
  72   49 +3.880109833570e+00 +0.000000000000e+00 0.61753866
  72   56 -1.122194284945e+01 +0.000000000000e+00 1.78602768
  72   64 +8.938139432998e+00 +0.000000000000e+00 1.42254907
  72   73 -1.649691532368e+01 +0.000000000000e+00 2.62556562
  72  123 -2.535997081791e+00 +0.000000000000e+00 0.403616471
  72  134 -1.787151062719e+01 +0.000000000000e+00 2.84433926
  72  146 +1.234234041688e-01 +0.000000000000e+00 0.0196434449
  72  159 +2.988122673935e+01 +0.000000000000e+00 4.75574494
  73    6 -5.158616086338e-03 +0.000000000000e+00 0.00082101925
  73   11 +4.352774751405e-04 +0.000000000000e+00 6.92765618e-05
  73   15 +1.123208628295e+01 +0.000000000000e+00 1.78764205
  73   20 +3.531692849976e+01 +0.000000000000e+00 5.62086375
  73   50 -4.225291205168e-02 +0.000000000000e+00 0.00672475981
  73   57 +2.004202717153e+01 +0.000000000000e+00 3.18978769
  73   65 -7.918185807849e+00 +0.000000000000e+00 1.26021841
  73   74 -3.163736650749e-01 +0.000000000000e+00 0.0503524327
  73  124 +3.246441585503e+00 +0.000000000000e+00 0.516687226
  73  135 +1.591966635921e+01 +0.000000000000e+00 2.53369359
  73  147 -1.580450212865e-01 +0.000000000000e+00 0.0251536464
  73  160 -3.852095170270e+01 +0.000000000000e+00 6.13079988
  74    7 +2.896923806048e-03 +0.000000000000e+00 0.000461059743
  74   16 -1.233988937697e+01 +0.000000000000e+00 1.96395439
  74   21 +2.032345276409e+01 +0.000000000000e+00 3.23457797
  74   51 -3.735995571487e+00 +0.000000000000e+00 0.594602163
  74   58 +2.216645003925e+01 +0.000000000000e+00 3.52790009
  74   66 +5.341473576524e+00 +0.000000000000e+00 0.850121923
  74   75 +1.705527578181e+01 +0.000000000000e+00 2.71443145
  74  125 +3.809218883607e+00 +0.000000000000e+00 0.606256015
  74  136 +1.076386424759e+01 +0.000000000000e+00 1.7131222
  74  148 -1.810246480346e-01 +0.000000000000e+00 0.0288109676
  74  161 -4.551456638151e+01 +0.000000000000e+00 7.24386822
  75   17 -9.606778236051e+00 +0.000000000000e+00 1.52896624
  75   52 -6.666523032048e+00 +0.000000000000e+00 1.06101009
  75   59 +1.739648729614e+01 +0.000000000000e+00 2.76873695
  75   67 -1.254862298545e+00 +0.000000000000e+00 0.199717538
  75   76 -3.018875210850e+01 +0.000000000000e+00 4.80468912
  75  126 +4.138283007384e+00 +0.000000000000e+00 0.658628197
  75  137 -2.431945206757e+00 +0.000000000000e+00 0.387056101
  75  149 -1.866231828920e-01 +0.000000000000e+00 0.0297020021
  75  162 +4.979032683635e+01 +0.000000000000e+00 7.92437663
  76   53 -7.592245976683e+00 +0.000000000000e+00 1.20834348
  76   68 +4.300810758460e+00 +0.000000000000e+00 0.684495292
  76   77 +3.442883499483e+01 +0.000000000000e+00 5.47951927
  76  127 +4.104333256442e+00 +0.000000000000e+00 0.653224926
  76  138 +9.056770670647e+00 +0.000000000000e+00 1.44142982
  76  150 +1.690126830326e-01 +0.000000000000e+00 0.0268992039
  76  163 +4.972363906783e+01 +0.000000000000e+00 7.91376295
  77   69 -1.128820111028e+01 +0.000000000000e+00 1.79657301
  77  128 +3.440561313944e+00 +0.000000000000e+00 0.54758234
  77  139 -2.368677228995e+01 +0.000000000000e+00 3.7698669
  77  151 -1.213608090343e-01 +0.000000000000e+00 0.0193151727
  77  164 +4.196915777029e+01 +0.000000000000e+00 6.67959892
  78   32 -2.931523810961e+01 +0.000000000000e+00 4.66566505
  78   79 +3.293525769472e+01 +0.000000000000e+00 5.24180906
  78   88 -1.209633334460e+01 +0.000000000000e+00 1.92519125
  78   98 -1.002821584555e+01 +0.000000000000e+00 1.59604012
  78  109 +4.941921265499e+00 +0.000000000000e+00 0.786531198
  78  169 +8.310739289238e+00 +0.000000000000e+00 1.32269524
  78  182 +4.763216009960e+00 +0.000000000000e+00 0.758089373
  79   22 +4.245308059699e+01 +0.000000000000e+00 6.75661763
  79   33 -1.126060999574e+01 +0.000000000000e+00 1.79218174
  79   40 -6.204120845254e+00 +0.000000000000e+00 0.9874165
  79   80 -3.308085511521e+01 +0.000000000000e+00 5.26498161
  79   89 -4.529878132939e+00 +0.000000000000e+00 0.720952496
  79   99 +1.483575089892e+01 +0.000000000000e+00 2.36118309
  79  110 +4.919402300887e+00 +0.000000000000e+00 0.782947193
  79  170 -1.579562043158e+01 +0.000000000000e+00 2.51395107
  79  183 +6.990541426286e+00 +0.000000000000e+00 1.11257922
  80    0 +2.487499771984e-04 +0.000000000000e+00 3.95897885e-05
  80   23 -4.763169945125e+01 +0.000000000000e+00 7.58082042
  80   28 -5.684269159906e-03 +0.000000000000e+00 0.000904679535
  80   34 -2.969378935798e+00 +0.000000000000e+00 0.472591336
  80   41 -6.869984081372e+00 +0.000000000000e+00 1.09339193
  80   81 +2.542066053132e+01 +0.000000000000e+00 4.04582378
  80   90 -1.298925889221e+00 +0.000000000000e+00 0.206730476
  80  100 -1.738050173078e+01 +0.000000000000e+00 2.76619276
  80  111 +3.748157703848e+00 +0.000000000000e+00 0.596537826
  80  171 -2.358621193231e+01 +0.000000000000e+00 3.75386222
  80  184 -8.127784562021e+00 +0.000000000000e+00 1.29357709
  81    1 -2.867026654559e-04 +0.000000000000e+00 4.56301464e-05
  81    8 -5.026923038124e-07 +0.000000000000e+00 8.0005965e-08
  81   24 -4.424914074390e+01 +0.000000000000e+00 7.04246948
  81   29 +3.464749605854e-03 +0.000000000000e+00 0.000551432026
  81   35 +1.332858226418e+01 +0.000000000000e+00 2.12130975
  81   42 +6.300092574137e+00 +0.000000000000e+00 1.00269088
  81   82 -1.376650321443e+01 +0.000000000000e+00 2.19100704
  81   91 -5.434900350719e+00 +0.000000000000e+00 0.864991256
  81  101 -1.776848622224e+01 +0.000000000000e+00 2.82794241
  81  112 +2.014869230547e+00 +0.000000000000e+00 0.320676398
  81  172 -3.125270960730e+01 +0.000000000000e+00 4.97402322
  81  185 -8.251436443968e+00 +0.000000000000e+00 1.3132569
  82    2 +2.377444172449e-04 +0.000000000000e+00 3.78381992e-05
  82    9 +4.583799466955e-07 +0.000000000000e+00 7.29534343e-08
  82   25 +3.624885053257e+01 +0.000000000000e+00 5.76918374
  82   30 -5.620875845470e-04 +0.000000000000e+00 8.94590175e-05
  82   36 -1.976920613277e+01 +0.000000000000e+00 3.14636688
  82   43 -5.095760516193e+00 +0.000000000000e+00 0.811015475
  82   83 +2.962466974128e-01 +0.000000000000e+00 0.0471491263
  82   92 +7.918951900418e+00 +0.000000000000e+00 1.26034034
  82  102 +1.601735306116e+01 +0.000000000000e+00 2.54924091
  82  113 -4.875475638694e-02 +0.000000000000e+00 0.00775956048
  82  173 +3.833779425737e+01 +0.000000000000e+00 6.10164946
  82  186 +7.394211195733e+00 +0.000000000000e+00 1.17682526
  83    3 -1.392946933972e-04 +0.000000000000e+00 2.2169439e-05
  83   26 +2.571399342167e+01 +0.000000000000e+00 4.09250916
  83   31 -8.960324073285e-04 +0.000000000000e+00 0.000142607987
  83   37 +2.223579039829e+01 +0.000000000000e+00 3.53893596
  83   44 +3.569799680861e+00 +0.000000000000e+00 0.568151265
  83   84 +1.325040982582e+01 +0.000000000000e+00 2.10886822
  83   93 +8.786022966253e+00 +0.000000000000e+00 1.39833899
  83  103 +1.212604994940e+01 +0.000000000000e+00 1.92992079
  83  114 +1.895296881871e+00 +0.000000000000e+00 0.301645867
  83  174 +4.433781644364e+01 +0.000000000000e+00 7.05658265
  83  187 +5.578615224613e+00 +0.000000000000e+00 0.887864189
  84   27 -1.412791041005e+01 +0.000000000000e+00 2.24852678
  84   38 -2.064471666781e+01 +0.000000000000e+00 3.28570871
  84   45 +1.937293723930e+00 +0.000000000000e+00 0.308329872
  84   85 -2.511882934472e+01 +0.000000000000e+00 3.99778585
  84   94 -8.057524767641e+00 +0.000000000000e+00 1.2823949
  84  104 -6.087818568663e+00 +0.000000000000e+00 0.968906418
  84  115 +3.568817248873e+00 +0.000000000000e+00 0.567994906
  84  175 -4.864378152125e+01 +0.000000000000e+00 7.74189828
  84  188 +2.823275857022e+00 +0.000000000000e+00 0.449338308
  85   39 -1.477549103078e+01 +0.000000000000e+00 2.35159243
  85   86 +3.308097683688e+01 +0.000000000000e+00 5.26500099
  85   95 -5.700231994422e+00 +0.000000000000e+00 0.907220099
  85  105 -2.106103761789e+00 +0.000000000000e+00 0.335196824
  85  116 +4.664535027358e+00 +0.000000000000e+00 0.742383807
  85  176 -5.042623115206e+01 +0.000000000000e+00 8.02558395
  85  189 +8.552038182459e-01 +0.000000000000e+00 0.136109915
  86   87 -3.321268989793e+01 +0.000000000000e+00 5.28596377
  86  106 -1.246515890811e+01 +0.000000000000e+00 1.98389166
  86  117 +4.647304846599e+00 +0.000000000000e+00 0.739641538
  86  177 +4.834989153461e+01 +0.000000000000e+00 7.69512424
  86  190 +5.441538711491e+00 +0.000000000000e+00 0.866047784
  87  107 -2.499892196832e+01 +0.000000000000e+00 3.978702
  87  178 -3.953387342797e+01 +0.000000000000e+00 6.29201138
  87  191 +1.092143568014e+01 +0.000000000000e+00 1.73820047
  88   22 -1.559401213189e+01 +0.000000000000e+00 2.48186411
  88   33 -8.061111383769e+00 +0.000000000000e+00 1.28296572
  88   40 -2.646242572564e+01 +0.000000000000e+00 4.21162586
  88   80 -5.993145955979e+00 +0.000000000000e+00 0.953838804
  88   89 +3.434748576636e+01 +0.000000000000e+00 5.46657214
  88   99 +9.724879113951e-01 +0.000000000000e+00 0.154776258
  88  110 -1.183521097419e+01 +0.000000000000e+00 1.88363233
  88  170 -3.593646890984e-02 +0.000000000000e+00 0.00571946666
  88  183 -1.093778894860e+01 +0.000000000000e+00 1.74080318
  89    0 +7.054499640540e-03 +0.000000000000e+00 0.00112275849
  89   23 -2.598079390397e+00 +0.000000000000e+00 0.413497178
  89   28 -4.591125254019e+01 +0.000000000000e+00 7.30700279
  89   34 -6.963357392506e+00 +0.000000000000e+00 1.10825275
  89   41 +4.274336069691e+00 +0.000000000000e+00 0.680281714
  89   81 -8.331178258389e+00 +0.000000000000e+00 1.3259482
  89   90 +2.984705937137e+01 +0.000000000000e+00 4.75030704
  89  100 +1.793046196455e+00 +0.000000000000e+00 0.285372165
  89  111 +1.655972271091e+01 +0.000000000000e+00 2.63556173
  89  171 +7.037713935626e-02 +0.000000000000e+00 0.0112008696
  89  184 -2.043392654017e+01 +0.000000000000e+00 3.25216042
  90    1 -6.851051019116e-03 +0.000000000000e+00 0.00109037864
  90    8 +5.740618131627e-04 +0.000000000000e+00 9.13647752e-05
  90   24 +6.304782424346e+00 +0.000000000000e+00 1.00343729
  90   29 +4.575416132795e+01 +0.000000000000e+00 7.28200094
  90   35 +3.852231818355e+00 +0.000000000000e+00 0.613101736
  90   42 +1.121788881689e+01 +0.000000000000e+00 1.78538246
  90   82 +8.933981299705e+00 +0.000000000000e+00 1.42188729
  90   91 +1.651533546864e+01 +0.000000000000e+00 2.62849728
  90  101 +2.587144072861e+00 +0.000000000000e+00 0.411756768
  90  112 +1.786487870557e+01 +0.000000000000e+00 2.84328375
  90  172 +1.048385345947e-01 +0.000000000000e+00 0.016685571
  90  185 -2.987108542252e+01 +0.000000000000e+00 4.7541309
  91    2 -5.158161329677e-03 +0.000000000000e+00 0.000820946873
  91    9 +4.370748526023e-04 +0.000000000000e+00 6.95626233e-05
  91   25 +1.125570666727e+01 +0.000000000000e+00 1.79140135
  91   30 +3.532441459795e+01 +0.000000000000e+00 5.6220552
  91   36 -2.942667317783e-03 +0.000000000000e+00 0.00046834005
  91   43 +2.003544748888e+01 +0.000000000000e+00 3.1887405
  91   83 +7.918981268115e+00 +0.000000000000e+00 1.26034501
  91   92 -2.959837743042e-01 +0.000000000000e+00 0.0471072808
  91  102 +3.292567597374e+00 +0.000000000000e+00 0.524028409
  91  113 +1.591443705340e+01 +0.000000000000e+00 2.53286132
  91  173 +1.344183270705e-01 +0.000000000000e+00 0.0213933412
  91  186 -3.851161116811e+01 +0.000000000000e+00 6.12931328
  92    3 +2.896749849612e-03 +0.000000000000e+00 0.000461032057
  92   26 +1.236203684604e+01 +0.000000000000e+00 1.96747927
  92   31 -2.032996558874e+01 +0.000000000000e+00 3.23561452
  92   37 +3.783689755441e+00 +0.000000000000e+00 0.602192928
  92   44 -2.215864657614e+01 +0.000000000000e+00 3.52665813
  92   84 -5.344870176248e+00 +0.000000000000e+00 0.850662509
  92   93 -1.703770175630e+01 +0.000000000000e+00 2.71163445
  92  103 +3.840993838108e+00 +0.000000000000e+00 0.611313156
  92  114 +1.076052295224e+01 +0.000000000000e+00 1.71259042
  92  174 +1.541546110833e-01 +0.000000000000e+00 0.0245344684
  92  187 -4.550773616616e+01 +0.000000000000e+00 7.24278116
  93   27 +9.623628046479e+00 +0.000000000000e+00 1.53164797
  93   38 +6.702618284018e+00 +0.000000000000e+00 1.06675483
  93   45 +1.738978478599e+01 +0.000000000000e+00 2.76767021
  93   85 -1.256125421285e+00 +0.000000000000e+00 0.19991857
  93   94 -3.017786170059e+01 +0.000000000000e+00 4.80295586
  93  104 +4.148894508477e+00 +0.000000000000e+00 0.660317069
  93  115 -2.430491322494e+00 +0.000000000000e+00 0.386824708
  93  175 +1.591156521416e-01 +0.000000000000e+00 0.0253240426
  93  188 +4.978724530177e+01 +0.000000000000e+00 7.92388619
  94   39 +7.607527894045e+00 +0.000000000000e+00 1.21077567
  94   86 -4.308555022539e+00 +0.000000000000e+00 0.685727829
  94   95 -3.442624766234e+01 +0.000000000000e+00 5.47910749
  94  105 -4.091494613194e+00 +0.000000000000e+00 0.651181592
  94  116 +9.056777596717e+00 +0.000000000000e+00 1.44143092
  94  176 +1.442722868732e-01 +0.000000000000e+00 0.0229616476
  94  189 -4.972474742414e+01 +0.000000000000e+00 7.91393935
  95   87 -1.131375256249e+01 +0.000000000000e+00 1.80063965
  95  106 +3.410493550972e+00 +0.000000000000e+00 0.542796907
  95  117 -2.368617331017e+01 +0.000000000000e+00 3.76977157
  95  177 +1.037162062330e-01 +0.000000000000e+00 0.0165069469
  95  190 +4.197346795125e+01 +0.000000000000e+00 6.6802849
  96   78 -2.499961227374e+01 +0.000000000000e+00 3.97881187
  96   97 +3.336907201311e+01 +0.000000000000e+00 5.31085276
  96  108 -1.103422609595e+01 +0.000000000000e+00 1.75615163
  96  168 -7.327108584809e+00 +0.000000000000e+00 1.16614555
  96  181 +3.269502462688e+00 +0.000000000000e+00 0.520357478
  97   32 +4.110524810641e+01 +0.000000000000e+00 6.54210342
  97   79 -1.267013566373e+01 +0.000000000000e+00 2.01651472
  97   88 -3.709714585937e+00 +0.000000000000e+00 0.590419414
  97   98 -3.611150281541e+01 +0.000000000000e+00 5.74732418
  97  109 +5.495637146287e+00 +0.000000000000e+00 0.874657817
  97  169 -1.117390606514e+01 +0.000000000000e+00 1.77838238
  97  182 -3.500255005487e+00 +0.000000000000e+00 0.557082886
  98   22 +1.194798117874e-04 +0.000000000000e+00 1.90158026e-05
  98   33 -4.875551659851e+01 +0.000000000000e+00 7.75968147
  98   40 -1.039797652834e-01 +0.000000000000e+00 0.0165488936
  98   80 -2.399226205476e+00 +0.000000000000e+00 0.38184871
  98   89 +4.323337160575e+00 +0.000000000000e+00 0.68808048
  98   99 -3.159312850787e+01 +0.000000000000e+00 5.02820257
  98  110 -9.726370330312e-01 +0.000000000000e+00 0.154799992
  98  170 -1.364938972130e+01 +0.000000000000e+00 2.17236784
  98  183 +3.028028787244e+00 +0.000000000000e+00 0.481925749
  99   23 -1.562062443391e-04 +0.000000000000e+00 2.48609959e-05
  99   28 +1.931524319729e-06 +0.000000000000e+00 3.07411643e-07
  99   34 +4.887143497761e+01 +0.000000000000e+00 7.77813045
  99   41 -1.336511137327e-01 +0.000000000000e+00 0.0212712354
  99   81 -5.796533346016e+00 +0.000000000000e+00 0.922546935
  99   90 -4.258904881914e+00 +0.000000000000e+00 0.677825764
  99  100 +2.306544537343e+01 +0.000000000000e+00 3.67097965
  99  111 +2.560999239376e+00 +0.000000000000e+00 0.407595688
  99  171 -1.483253865640e+01 +0.000000000000e+00 2.36067185
  99  184 -2.182754902185e+00 +0.000000000000e+00 0.347396232
 100   24 -1.581069614463e-04 +0.000000000000e+00 2.51635045e-05
 100   29 -2.332435980953e-06 +0.000000000000e+00 3.71218716e-07
 100   35 -4.471632831859e+01 +0.000000000000e+00 7.11682469
 100   42 +1.330498991868e-01 +0.000000000000e+00 0.0211755491
 100   82 +1.190069923112e+01 +0.000000000000e+00 1.89405511
 100   91 -3.830434454622e+00 +0.000000000000e+00 0.609632578
 100  101 +1.222894920576e+01 +0.000000000000e+00 1.94629771
 100  112 +5.129903104292e+00 +0.000000000000e+00 0.816449437
 100  172 -1.473948647581e+01 +0.000000000000e+00 2.34586213
 100  185 -1.135368020486e+00 +0.000000000000e+00 0.180699433
 101   25 -1.351848796091e-04 +0.000000000000e+00 2.15153418e-05
 101   30 -1.944071774950e-06 +0.000000000000e+00 3.09408633e-07
 101   36 -3.787699451367e+01 +0.000000000000e+00 6.02831091
 101   43 +1.119286783630e-01 +0.000000000000e+00 0.0178140024
 101   83 +1.589632006994e+01 +0.000000000000e+00 2.52997792
 101   92 -3.189953587415e+00 +0.000000000000e+00 0.507696882
 101  102 +2.957277054793e-01 +0.000000000000e+00 0.0470665261
 101  113 +6.756964824115e+00 +0.000000000000e+00 1.07540435
 101  173 -1.337291969622e+01 +0.000000000000e+00 2.12836627
 101  186 -4.744773145078e-03 +0.000000000000e+00 0.0007551541
 102   26 -9.666222409952e-05 +0.000000000000e+00 1.53842708e-05
 102   31 +1.107177300116e-06 +0.000000000000e+00 1.7621274e-07
 102   37 +2.940339986652e+01 +0.000000000000e+00 4.67969643
 102   44 -7.877197633698e-02 +0.000000000000e+00 0.0125369494
 102   84 -1.776449470906e+01 +0.000000000000e+00 2.82730714
 102   93 -2.435105681486e+00 +0.000000000000e+00 0.387559106
 102  103 -1.168809446009e+01 +0.000000000000e+00 1.86021801
 102  114 +7.462856917223e+00 +0.000000000000e+00 1.18775057
 102  174 -1.073129800825e+01 +0.000000000000e+00 1.70793912
 102  187 +1.109903563143e+00 +0.000000000000e+00 0.176646638
 103   27 -5.170049218559e-05 +0.000000000000e+00 8.22838889e-06
 103   38 +2.012897176637e+01 +0.000000000000e+00 3.20362536
 103   45 +4.148162110098e-02 +0.000000000000e+00 0.00660200505
 103   85 -1.748049984498e+01 +0.000000000000e+00 2.78210796
 103   94 -1.639586938300e+00 +0.000000000000e+00 0.260948366
 103  104 -2.266978683986e+01 +0.000000000000e+00 3.60800863
 103  115 -7.264572824509e+00 +0.000000000000e+00 1.15619267
 103  175 -6.811489124061e+00 +0.000000000000e+00 1.08408216
 103  188 -2.112169944252e+00 +0.000000000000e+00 0.336162287
 104   39 +1.078160943030e+01 +0.000000000000e+00 1.71594644
 104   86 +1.500041169297e+01 +0.000000000000e+00 2.38738967
 104   95 -8.639072659119e-01 +0.000000000000e+00 0.137495112
 104  105 +3.141593391180e+01 +0.000000000000e+00 5.00000117
 104  116 -6.170138489226e+00 +0.000000000000e+00 0.98200804
 104  176 -1.609719315413e+00 +0.000000000000e+00 0.256194786
 104  189 +2.892313531779e+00 +0.000000000000e+00 0.460325996
 105   87 -1.018976542889e+01 +0.000000000000e+00 1.62175154
 105  106 +3.618383398008e+01 +0.000000000000e+00 5.75883604
 105  117 -4.150020670007e+00 +0.000000000000e+00 0.660496304
 105  177 -4.878028872509e+00 +0.000000000000e+00 0.776362408
 105  190 +3.297875112809e+00 +0.000000000000e+00 0.524873126
 106  107 -3.363764559658e+01 +0.000000000000e+00 5.35359757
 106  178 -1.265583289754e+01 +0.000000000000e+00 2.01423836
 106  191 -3.037598802230e+00 +0.000000000000e+00 0.483448865
 107  179 +2.172773971780e+01 +0.000000000000e+00 3.45807718
 108   32 -1.359350269708e+01 +0.000000000000e+00 2.16347315
 108   79 -4.887895945699e+00 +0.000000000000e+00 0.777932801
 108   88 -2.348390899854e+01 +0.000000000000e+00 3.7375802
 108   98 -4.423481296906e+00 +0.000000000000e+00 0.704018914
 108  109 -3.502375583551e+01 +0.000000000000e+00 5.57420387
 108  169 -5.081925193513e-01 +0.000000000000e+00 0.0808813515
 108  182 +8.488124337297e+00 +0.000000000000e+00 1.35092695
 109   22 -3.938392198837e-03 +0.000000000000e+00 0.000626814586
 109   33 +5.176481166659e+00 +0.000000000000e+00 0.823862565
 109   40 -4.438325578962e+01 +0.000000000000e+00 7.06381455
 109   80 -4.867172372548e+00 +0.000000000000e+00 0.774634542
 109   89 +8.764908933859e+00 +0.000000000000e+00 1.39497858
 109   99 -6.472509154185e+00 +0.000000000000e+00 1.03013183
 109  110 +3.491792554532e+01 +0.000000000000e+00 5.55736045
 109  170 -9.562726164930e-01 +0.000000000000e+00 0.152195514
 109  183 -1.250366874319e+01 +0.000000000000e+00 1.99002069
 110   23 -4.340873263081e-03 +0.000000000000e+00 0.000690871437
 110   28 -2.854195200960e-04 +0.000000000000e+00 4.54259275e-05
 110   34 -1.315936527145e+00 +0.000000000000e+00 0.209437803
 110   41 +4.952026160614e+01 +0.000000000000e+00 7.88139442
 110   81 -3.710001571815e+00 +0.000000000000e+00 0.590465089
 110   90 -2.724489797979e+00 +0.000000000000e+00 0.433616019
 110  100 -7.499970129543e+00 +0.000000000000e+00 1.19365732
 110  111 -2.654391846802e+01 +0.000000000000e+00 4.22459583
 110  171 +1.413858487537e+00 +0.000000000000e+00 0.225022567
 110  184 -1.458209463041e+01 +0.000000000000e+00 2.32081244
 111   24 +3.962709709709e-03 +0.000000000000e+00 0.000630684838
 111   29 -3.214205979665e-04 +0.000000000000e+00 5.1155677e-05
 111   35 -5.932552875479e+00 +0.000000000000e+00 0.944195115
 111   42 +4.575561560817e+01 +0.000000000000e+00 7.2822324
 111   82 -1.996240089220e+00 +0.000000000000e+00 0.317711478
 111   91 +1.099577665918e+01 +0.000000000000e+00 1.75003221
 111  101 +7.582813335492e+00 +0.000000000000e+00 1.20684222
 111  112 +1.402539012765e+01 +0.000000000000e+00 2.23221017
 111  172 -1.855167886117e+00 +0.000000000000e+00 0.295259139
 111  185 +1.483223774081e+01 +0.000000000000e+00 2.36062395
 112   25 +3.190904121483e-03 +0.000000000000e+00 0.000507848164
 112   30 -2.607060618066e-04 +0.000000000000e+00 4.14926584e-05
 112   36 -8.717147101500e+00 +0.000000000000e+00 1.38737705
 112   43 +3.728708730753e+01 +0.000000000000e+00 5.93442426
 112   83 -5.138030470671e-02 +0.000000000000e+00 0.00817742947
 112   92 +1.605652063247e+01 +0.000000000000e+00 2.55547463
 112  102 +6.756981768745e+00 +0.000000000000e+00 1.07540705
 112  113 -2.955411578619e-01 +0.000000000000e+00 0.0470368362
 112  173 -2.253794760782e+00 +0.000000000000e+00 0.358702577
 112  186 +1.328680415601e+01 +0.000000000000e+00 2.11466056
 113   26 +2.225554245077e-03 +0.000000000000e+00 0.000354207959
 113   31 +1.495589489455e-04 +0.000000000000e+00 2.3803046e-05
 113   37 +9.706301705935e+00 +0.000000000000e+00 1.5448059
 113   44 -2.631641783521e+01 +0.000000000000e+00 4.18838798
 113   84 -1.872430098351e+00 +0.000000000000e+00 0.298006506
 113   93 +1.790580859220e+01 +0.000000000000e+00 2.84979795
 113  103 +5.048714555797e+00 +0.000000000000e+00 0.803527878
 113  114 -1.456952944601e+01 +0.000000000000e+00 2.31881263
 113  174 -2.581642035741e+00 +0.000000000000e+00 0.410881091
 113  187 +9.961739396900e+00 +0.000000000000e+00 1.58546007
 114   27 +1.202554468305e-03 +0.000000000000e+00 0.000191392488
 114   38 +8.921083910499e+00 +0.000000000000e+00 1.4198346
 114   45 +1.438776128060e+01 +0.000000000000e+00 2.28988333
 114   85 -3.529246802775e+00 +0.000000000000e+00 0.561697074
 114   94 +1.651822595479e+01 +0.000000000000e+00 2.62895731
 114  104 +2.480455785525e+00 +0.000000000000e+00 0.394776799
 114  115 +2.695463112697e+01 +0.000000000000e+00 4.28996278
 114  175 -2.805596584465e+00 +0.000000000000e+00 0.446524565
 114  188 -4.867347103318e+00 +0.000000000000e+00 0.774662351
 115   39 -6.321453295947e+00 +0.000000000000e+00 1.00609054
 115   86 -4.614789569864e+00 +0.000000000000e+00 0.734466571
 115   95 -1.175807662741e+01 +0.000000000000e+00 1.87135602
 115  105 -9.274078669646e-01 +0.000000000000e+00 0.147601546
 115  116 -3.513326174566e+01 +0.000000000000e+00 5.59163227
 115  176 +2.881185509284e+00 +0.000000000000e+00 0.458554916
 115  189 +1.988509108631e+00 +0.000000000000e+00 0.316481054
 116   87 -4.599063333356e+00 +0.000000000000e+00 0.731963663
 116  106 +5.155880827117e+00 +0.000000000000e+00 0.82058392
 116  117 +3.503464851567e+01 +0.000000000000e+00 5.57593749
 116  177 +2.736948760208e+00 +0.000000000000e+00 0.435598924
 116  190 -1.059923126418e+01 +0.000000000000e+00 1.68692005
 117  107 -1.018704720053e+01 +0.000000000000e+00 1.62131892
 117  178 +2.217357103796e+00 +0.000000000000e+00 0.352903344
 117  191 +2.095897975419e+01 +0.000000000000e+00 3.33572523
 118   60 -2.499961316925e+01 +0.000000000000e+00 3.97881201
 118  119 +3.338001823097e+01 +0.000000000000e+00 5.3125949
 118  130 -1.100109428433e+01 +0.000000000000e+00 1.75087853
 118  142 +7.322243150630e+00 +0.000000000000e+00 1.16537119
 118  155 +3.280391046954e+00 +0.000000000000e+00 0.52209045
 119   46 +4.111873645136e+01 +0.000000000000e+00 6.54425016
 119   61 -1.266846971713e+01 +0.000000000000e+00 2.01624958
 119   70 -3.675397773967e+00 +0.000000000000e+00 0.584957724
 119  120 -3.611430740098e+01 +0.000000000000e+00 5.74777054
 119  131 -5.483086599484e+00 +0.000000000000e+00 0.872660336
 119  143 +1.116738643939e+01 +0.000000000000e+00 1.77734475
 119  156 -3.527781637997e+00 +0.000000000000e+00 0.561463886
 120   12 +1.246426744277e-04 +0.000000000000e+00 1.98374978e-05
 120   47 -4.876221620140e+01 +0.000000000000e+00 7.76074774
 120   54 +8.157862281220e-02 +0.000000000000e+00 0.0129836411
 120   62 +2.397703443862e+00 +0.000000000000e+00 0.381606355
 120   71 -4.309143921140e+00 +0.000000000000e+00 0.685821556
 120  121 +3.158608810810e+01 +0.000000000000e+00 5.02708206
 120  132 +9.713590561789e-01 +0.000000000000e+00 0.154596595
 120  144 +1.364249297087e+01 +0.000000000000e+00 2.17127019
 120  157 -3.069592882698e+00 +0.000000000000e+00 0.488540881
 121   13 -1.626729740480e-04 +0.000000000000e+00 2.58902079e-05
 121   18 +1.412146106505e-06 +0.000000000000e+00 2.24750033e-07
 121   48 +4.886933994642e+01 +0.000000000000e+00 7.77779702
 121   55 -1.051715636646e-01 +0.000000000000e+00 0.0167385742
 121   63 -5.796695642001e+00 +0.000000000000e+00 0.922572765
 121   72 -4.270238982172e+00 +0.000000000000e+00 0.679629642
 121  122 -2.305020995814e+01 +0.000000000000e+00 3.66855485
 121  133 -2.557971873747e+00 +0.000000000000e+00 0.407113868
 121  145 -1.482617637733e+01 +0.000000000000e+00 2.35965926
 121  158 +2.232888324501e+00 +0.000000000000e+00 0.355375214
 122   14 -1.643835328100e-04 +0.000000000000e+00 2.61624518e-05
 122   19 -1.710455166734e-06 +0.000000000000e+00 2.72227395e-07
 122   49 +4.470678531784e+01 +0.000000000000e+00 7.11530587
 122   56 +1.049999975033e-01 +0.000000000000e+00 0.0167112686
 122   64 -1.189883121758e+01 +0.000000000000e+00 1.89375781
 122   73 -3.863317297859e+00 +0.000000000000e+00 0.614866045
 122  123 +1.220864658743e+01 +0.000000000000e+00 1.94306645
 122  134 +5.127405045574e+00 +0.000000000000e+00 0.816051858
 122  146 +1.473427454242e+01 +0.000000000000e+00 2.34503263
 122  159 -1.187371574141e+00 +0.000000000000e+00 0.188976055
 123   15 -1.403354480016e-04 +0.000000000000e+00 2.23350802e-05
 123   20 -1.429813601279e-06 +0.000000000000e+00 2.27561902e-07
 123   50 +3.786279548672e+01 +0.000000000000e+00 6.02605106
 123   57 +8.857657219039e-02 +0.000000000000e+00 0.0140973993
 123   65 -1.589225848449e+01 +0.000000000000e+00 2.52933149
 123   74 -3.236174560986e+00 +0.000000000000e+00 0.515053178
 123  124 +2.740618607476e-01 +0.000000000000e+00 0.0436182999
 123  135 +6.757886389484e+00 +0.000000000000e+00 1.07555102
 123  147 +1.336920778910e+01 +0.000000000000e+00 2.1277755
 123  160 -5.169177218197e-02 +0.000000000000e+00 0.00822700106
 124   16 +1.001996495292e-04 +0.000000000000e+00 1.59472695e-05
 124   21 -8.165751901896e-07 +0.000000000000e+00 1.29961978e-07
 124   51 -2.938787934829e+01 +0.000000000000e+00 4.67722627
 124   58 +6.250409809857e-02 +0.000000000000e+00 0.00994783618
 124   66 +1.775854654420e+01 +0.000000000000e+00 2.82636046
 124   75 +2.484729104136e+00 +0.000000000000e+00 0.395456919
 124  125 -1.170743048804e+01 +0.000000000000e+00 1.86329543
 124  136 +7.468312780939e+00 +0.000000000000e+00 1.1886189
 124  148 +1.072919040806e+01 +0.000000000000e+00 1.70760369
 124  161 +1.074377905098e+00 +0.000000000000e+00 0.170992554
 125   17 -5.351917056012e-05 +0.000000000000e+00 8.51784054e-06
 125   52 +2.011542718296e+01 +0.000000000000e+00 3.20146967
 125   59 -3.299975727715e-02 +0.000000000000e+00 0.00525207449
 125   67 +1.747341167565e+01 +0.000000000000e+00 2.78097984
 125   76 +1.682631418852e+00 +0.000000000000e+00 0.267799108
 125  126 +2.268358237931e+01 +0.000000000000e+00 3.61020426
 125  137 +7.274049930894e+00 +0.000000000000e+00 1.157701
 125  149 -6.810862064649e+00 +0.000000000000e+00 1.08398236
 125  162 +2.093113095615e+00 +0.000000000000e+00 0.333129296
 126   53 -1.077287087165e+01 +0.000000000000e+00 1.71455565
 126   68 -1.499335016212e+01 +0.000000000000e+00 2.38626579
 126   77 +8.916528433647e-01 +0.000000000000e+00 0.141910958
 126  127 -3.142193129399e+01 +0.000000000000e+00 5.00095569
 126  138 -6.181612860577e+00 +0.000000000000e+00 0.983834243
 126  150 -1.610236341988e+00 +0.000000000000e+00 0.256277073
 126  163 -2.892566717690e+00 +0.000000000000e+00 0.460366291
 127   69 -1.018434403740e+01 +0.000000000000e+00 1.6208887
 127  128 +3.618135037662e+01 +0.000000000000e+00 5.75844076
 127  139 -4.159972000174e+00 +0.000000000000e+00 0.662080107
 127  151 +4.876902994380e+00 +0.000000000000e+00 0.776183219
 127  164 +3.316722991500e+00 +0.000000000000e+00 0.527872859
 128  129 -3.362881614165e+01 +0.000000000000e+00 5.35219232
 128  152 +1.265481945343e+01 +0.000000000000e+00 2.01407707
 128  165 +3.067771018922e+00 +0.000000000000e+00 0.488250922
 129  153 +2.172773433276e+01 +0.000000000000e+00 3.45807632
 130   46 -1.355268944888e+01 +0.000000000000e+00 2.15697752
 130   61 -4.920857870165e+00 +0.000000000000e+00 0.783178854
 130   70 -2.348332048486e+01 +0.000000000000e+00 3.73748654
 130  120 -4.413444547072e+00 +0.000000000000e+00 0.702421516
 130  131 +3.502409863719e+01 +0.000000000000e+00 5.57425843
 130  143 +5.337917546511e-01 +0.000000000000e+00 0.0849555963
 130  156 +8.483746338987e+00 +0.000000000000e+00 1.35023017
 131   12 +3.938230543385e-03 +0.000000000000e+00 0.000626788858
 131   47 -5.145130035399e+00 +0.000000000000e+00 0.818872878
 131   54 -4.437959869689e+01 +0.000000000000e+00 7.06323251
 131   62 -4.880197386371e+00 +0.000000000000e+00 0.776707537
 131   71 +8.765072665888e+00 +0.000000000000e+00 1.39500464
 131  121 -6.461913460331e+00 +0.000000000000e+00 1.02844547
 131  132 +3.492627679610e+01 +0.000000000000e+00 5.5586896
 131  144 -9.972185300350e-01 +0.000000000000e+00 0.158712258
 131  157 -1.249787600927e+01 +0.000000000000e+00 1.98909875
 132   13 -4.340469067690e-03 +0.000000000000e+00 0.000690807107
 132   18 -2.879365911291e-04 +0.000000000000e+00 4.58265318e-05
 132   48 -1.342853749836e+00 +0.000000000000e+00 0.213721812
 132   55 +4.952166949185e+01 +0.000000000000e+00 7.88161849
 132   63 -3.697948666224e+00 +0.000000000000e+00 0.58854681
 132   72 -2.722788580898e+00 +0.000000000000e+00 0.433345262
 132  122 +7.492278883109e+00 +0.000000000000e+00 1.19243322
 132  133 +2.655958405123e+01 +0.000000000000e+00 4.22708909
 132  145 +1.463876213281e+00 +0.000000000000e+00 0.232983135
 132  158 +1.457605830124e+01 +0.000000000000e+00 2.31985173
 133   14 +3.962233005408e-03 +0.000000000000e+00 0.000630608968
 133   19 -3.241473356854e-04 +0.000000000000e+00 5.15896508e-05
 133   49 +5.957917468670e+00 +0.000000000000e+00 0.948232016
 133   56 +4.576169792278e+01 +0.000000000000e+00 7.28320043
 133   64 +1.963100411957e+00 +0.000000000000e+00 0.312437134
 133   73 +1.099225930724e+01 +0.000000000000e+00 1.7494724
 133  123 +7.579520525818e+00 +0.000000000000e+00 1.20631816
 133  134 +1.404572229895e+01 +0.000000000000e+00 2.23544613
 133  146 +1.907193267380e+00 +0.000000000000e+00 0.303539236
 133  159 +1.482677107902e+01 +0.000000000000e+00 2.35975391
 134   15 +3.190508595470e-03 +0.000000000000e+00 0.000507785214
 134   20 -2.628354204944e-04 +0.000000000000e+00 4.18315564e-05
 134   50 +8.742007205488e+00 +0.000000000000e+00 1.39133366
 134   57 +3.729572107299e+01 +0.000000000000e+00 5.93579836
 134   65 +5.212239844576e-03 +0.000000000000e+00 0.000829553736
 134   74 +1.605137116214e+01 +0.000000000000e+00 2.55465506
 134  124 +6.757899037720e+00 +0.000000000000e+00 1.07555304
 134  135 -2.739224941545e-01 +0.000000000000e+00 0.043596119
 134  147 +2.300704332271e+00 +0.000000000000e+00 0.366168467
 134  160 +1.328243029585e+01 +0.000000000000e+00 2.11396444
 135   16 -2.225319981844e-03 +0.000000000000e+00 0.000354170675
 135   21 -1.507359610307e-04 +0.000000000000e+00 2.39903733e-05
 135   51 -9.730138301527e+00 +0.000000000000e+00 1.54859961
 135   58 +2.632496256080e+01 +0.000000000000e+00 4.18974792
 135   66 +1.921998185487e+00 +0.000000000000e+00 0.305895512
 135   75 -1.789963661776e+01 +0.000000000000e+00 2.84881565
 135  125 +5.052144058798e+00 +0.000000000000e+00 0.8040737
 135  136 -1.455004917212e+01 +0.000000000000e+00 2.31571225
 135  148 +2.616965350503e+00 +0.000000000000e+00 0.416502971
 135  161 +9.958721796844e+00 +0.000000000000e+00 1.5849798
 136   17 +1.202476014898e-03 +0.000000000000e+00 0.000191380002
 136   52 +8.942019862061e+00 +0.000000000000e+00 1.42316666
 136   59 -1.439369958703e+01 +0.000000000000e+00 2.29082844
 136   67 +3.572751830804e+00 +0.000000000000e+00 0.568621114
 136   76 -1.651204106456e+01 +0.000000000000e+00 2.62797296
 136  126 -2.483331035576e+00 +0.000000000000e+00 0.39523441
 136  137 -2.694022791731e+01 +0.000000000000e+00 4.28767044
 136  149 -2.824242262401e+00 +0.000000000000e+00 0.449492117
 136  162 +4.865711532017e+00 +0.000000000000e+00 0.774402042
 137   53 +6.336319531442e+00 +0.000000000000e+00 1.00845657
 137   68 +4.644513984964e+00 +0.000000000000e+00 0.739197359
 137   77 +1.175330505843e+01 +0.000000000000e+00 1.8705966
 137  127 +9.293984922238e-01 +0.000000000000e+00 0.147918364
 137  138 -3.512583819665e+01 +0.000000000000e+00 5.59045078
 137  150 +2.880320242488e+00 +0.000000000000e+00 0.458417204
 137  163 -1.988956151193e+00 +0.000000000000e+00 0.316552203
 138   69 +4.611054681630e+00 +0.000000000000e+00 0.733872145
 138  128 -5.168183292883e+00 +0.000000000000e+00 0.822541918
 138  139 -3.503421400751e+01 +0.000000000000e+00 5.57586834
 138  151 +2.717352307404e+00 +0.000000000000e+00 0.432480052
 138  164 +1.059888631272e+01 +0.000000000000e+00 1.68686515
 139  129 -1.021614154401e+01 +0.000000000000e+00 1.62594943
 139  152 -2.186454463165e+00 +0.000000000000e+00 0.347985036
 139  165 -2.095842778361e+01 +0.000000000000e+00 3.33563738
 140  118 +2.172801686148e+01 +0.000000000000e+00 3.45812129
 140  141 +3.294474111608e+01 +0.000000000000e+00 5.2433184
 140  154 +9.992470770915e+00 +0.000000000000e+00 1.59035112
 141   60 -3.924809501758e+01 +0.000000000000e+00 6.24652833
 141  119 +1.279048031827e+01 +0.000000000000e+00 2.03566817
 141  130 +2.431350927199e+00 +0.000000000000e+00 0.386961518
 141  142 -3.739347161886e+01 +0.000000000000e+00 5.95135585
 141  155 -5.800088543945e+00 +0.000000000000e+00 0.923112762
 142   46 -6.373064743148e-05 +0.000000000000e+00 1.01430476e-05
 142   61 +4.815580622179e+01 +0.000000000000e+00 7.6642346
 142   70 +1.354517847048e-01 +0.000000000000e+00 0.0215578211
 142  120 +5.084429689230e+00 +0.000000000000e+00 0.809212118
 142  131 -2.930041973679e+00 +0.000000000000e+00 0.466330664
 142  143 +3.517769635158e+01 +0.000000000000e+00 5.59870426
 142  156 -2.249167483595e+00 +0.000000000000e+00 0.357966123
 143   47 -8.903267363261e-05 +0.000000000000e+00 1.41699901e-05
 143   54 +1.433211157073e-06 +0.000000000000e+00 2.2810264e-07
 143   62 +5.038561403593e+01 +0.000000000000e+00 8.01911953
 143   71 -1.854571865167e-01 +0.000000000000e+00 0.029516428
 143  121 -1.382730933698e+00 +0.000000000000e+00 0.220068463
 143  132 -3.011653635788e+00 +0.000000000000e+00 0.479319563
 143  144 -2.915382469183e+01 +0.000000000000e+00 4.63997531
 143  157 -6.762651196291e-01 +0.000000000000e+00 0.107630937
 144   48 -9.857255548653e-05 +0.000000000000e+00 1.56883095e-05
 144   55 +1.998736011336e-06 +0.000000000000e+00 3.18108716e-07
 144   63 -4.876055405613e+01 +0.000000000000e+00 7.76048321
 144   72 +2.013354423716e-01 +0.000000000000e+00 0.0320435309
 144  122 -6.603775842227e+00 +0.000000000000e+00 1.05102357
 144  133 +2.863613776328e+00 +0.000000000000e+00 0.455758288
 144  145 -2.073504242590e+01 +0.000000000000e+00 3.3000845
 144  158 -2.991349636774e+00 +0.000000000000e+00 0.476088081
 145   49 -9.582928524259e-05 +0.000000000000e+00 1.52517044e-05
 145   56 -2.078068728078e-06 +0.000000000000e+00 3.3073491e-07
 145   64 -4.458642122872e+01 +0.000000000000e+00 7.09614933
 145   73 +1.920144839804e-01 +0.000000000000e+00 0.0305600543
 145  123 +1.057153336978e+01 +0.000000000000e+00 1.68251179
 145  134 -2.573160458767e+00 +0.000000000000e+00 0.409531206
 145  146 +1.086292881798e+01 +0.000000000000e+00 1.72888882
 145  159 +4.710400934920e+00 +0.000000000000e+00 0.749683593
 146   50 -8.381664598719e-05 +0.000000000000e+00 1.33398335e-05
 146   57 -1.775450515560e-06 +0.000000000000e+00 2.82571726e-07
 146   65 -3.867582335812e+01 +0.000000000000e+00 6.15544847
 146   74 +1.648273673094e-01 +0.000000000000e+00 0.0262330903
 146  124 +1.327866735137e+01 +0.000000000000e+00 2.11336555
 146  135 -2.193767201448e+00 +0.000000000000e+00 0.349148894
 146  147 +2.839758834003e-01 +0.000000000000e+00 0.0451961656
 146  160 +5.846871476325e+00 +0.000000000000e+00 0.930558497
 147   51 +6.554854126570e-05 +0.000000000000e+00 1.04323744e-05
 147   58 -1.238799218793e-06 +0.000000000000e+00 1.97161019e-07
 147   66 +3.162880092666e+01 +0.000000000000e+00 5.03388001
 147   75 -1.265633874108e-01 +0.000000000000e+00 0.0201431887
 147  125 +1.471724103629e+01 +0.000000000000e+00 2.34232166
 147  136 -1.763542741376e+00 +0.000000000000e+00 0.280676545
 147  148 -1.032954723966e+01 +0.000000000000e+00 1.6439985
 147  161 +6.413219933359e+00 +0.000000000000e+00 1.02069565
 148   52 -4.410546820667e-05 +0.000000000000e+00 7.01960328e-06
 148   59 +6.313629707871e-07 +0.000000000000e+00 1.00484538e-07
 148   67 +2.394614840958e+01 +0.000000000000e+00 3.81114789
 148   76 -8.364842956624e-02 +0.000000000000e+00 0.013313061
 148  126 -1.487771781672e+01 +0.000000000000e+00 2.36786233
 148  137 -1.312665935354e+00 +0.000000000000e+00 0.208917272
 148  149 +2.030214084147e+01 +0.000000000000e+00 3.23118607
 148  162 +6.420542281679e+00 +0.000000000000e+00 1.02186104
 149   53 +2.256685802830e-05 +0.000000000000e+00 3.59162701e-06
 149   68 -1.608784006506e+01 +0.000000000000e+00 2.56045927
 149   77 -4.205553707990e-02 +0.000000000000e+00 0.00669334661
 149  127 +1.374624514602e+01 +0.000000000000e+00 2.18778286
 149  138 +8.671457307628e-01 +0.000000000000e+00 0.138010529
 149  150 +2.887710271368e+01 +0.000000000000e+00 4.59593364
 149  163 -5.877486944776e+00 +0.000000000000e+00 0.9354311
 150   69 +8.491546335330e+00 +0.000000000000e+00 1.35147157
 150  128 +1.129522567378e+01 +0.000000000000e+00 1.797691
 150  139 -4.501063007916e-01 +0.000000000000e+00 0.0716366427
 150  151 -3.509374874540e+01 +0.000000000000e+00 5.58534358
 150  164 -4.786380568716e+00 +0.000000000000e+00 0.761776127
 151  129 +7.432937864944e+00 +0.000000000000e+00 1.1829888
 151  152 +3.750583700197e+01 +0.000000000000e+00 5.96923935
 151  165 +3.122349148197e+00 +0.000000000000e+00 0.496937301
 152  153 -3.319337867643e+01 +0.000000000000e+00 5.28289029
 154   60 -1.190737003591e+01 +0.000000000000e+00 1.8951168
 154  119 -3.226903306237e+00 +0.000000000000e+00 0.513577612
 154  130 -2.082490789700e+01 +0.000000000000e+00 3.31438703
 154  142 +3.364766358407e+00 +0.000000000000e+00 0.535519198
 154  155 -3.459305207599e+01 +0.000000000000e+00 5.50565523
 155   46 -2.389900185897e-03 +0.000000000000e+00 0.000380364428
 155   61 +6.043292531695e+00 +0.000000000000e+00 0.961819879
 155   70 -4.211378065564e+01 +0.000000000000e+00 6.70261636
 155  120 -3.471552331996e+00 +0.000000000000e+00 0.552514714
 155  131 +1.039258405842e+01 +0.000000000000e+00 1.65403112
 155  143 -5.081295240846e+00 +0.000000000000e+00 0.808713255
 155  156 -3.723280911965e+01 +0.000000000000e+00 5.92578562
 156   47 +2.803432048426e-03 +0.000000000000e+00 0.000446180068
 156   54 +1.593126547091e-04 +0.000000000000e+00 2.53553965e-05
 156   62 -1.232756174700e+00 +0.000000000000e+00 0.196199239
 156   71 -4.975772628231e+01 +0.000000000000e+00 7.91918809
 156  121 +3.022030626154e+00 +0.000000000000e+00 0.480971112
 156  132 -1.760087645547e+00 +0.000000000000e+00 0.280126649
 156  144 -6.146978624787e+00 +0.000000000000e+00 0.978322033
 156  157 -3.234907026473e+01 +0.000000000000e+00 5.14851444
 157   48 +2.779575273573e-03 +0.000000000000e+00 0.000442383144
 157   55 +2.047819491658e-04 +0.000000000000e+00 3.25920595e-05
 157   63 -2.545586701381e+00 +0.000000000000e+00 0.405142707
 157   72 +4.968766158145e+01 +0.000000000000e+00 7.90803695
 157  122 +2.199734694182e+00 +0.000000000000e+00 0.35009865
 157  133 -5.078420577432e+00 +0.000000000000e+00 0.808255738
 157  145 -6.615316422177e+00 +0.000000000000e+00 1.05286031
 157  158 -2.336420873743e+01 +0.000000000000e+00 3.71852931
 158   49 +2.516031349872e-03 +0.000000000000e+00 0.000400438826
 158   56 -2.039186833170e-04 +0.000000000000e+00 3.24546664e-05
 158   64 -5.311576094802e+00 +0.000000000000e+00 0.845363591
 158   73 +4.529612619141e+01 +0.000000000000e+00 7.20910239
 158  123 -1.171461602106e+00 +0.000000000000e+00 0.186443905
 158  134 +1.012794076643e+01 +0.000000000000e+00 1.61191184
 158  146 +6.509788690038e+00 +0.000000000000e+00 1.03606505
 158  159 +1.206495320936e+01 +0.000000000000e+00 1.92019694
 159   50 +2.108715061912e-03 +0.000000000000e+00 0.000335612426
 159   57 -1.716344866351e-04 +0.000000000000e+00 2.7316477e-05
 159   65 -7.083380730502e+00 +0.000000000000e+00 1.12735506
 159   74 +3.823091088883e+01 +0.000000000000e+00 6.08463845
 159  124 -5.389409135852e-02 +0.000000000000e+00 0.00857751104
 159  135 +1.339216550367e+01 +0.000000000000e+00 2.13142934
 159  147 +5.846901798591e+00 +0.000000000000e+00 0.930563323
 159  160 -2.835828321510e-01 +0.000000000000e+00 0.0451336095
 160   51 -1.619925247944e-03 +0.000000000000e+00 0.000257819111
 160   58 -1.208774636530e-04 +0.000000000000e+00 1.92382458e-05
 160   66 +7.876981346182e+00 +0.000000000000e+00 1.25366052
 160   75 -2.957479633311e+01 +0.000000000000e+00 4.70697503
 160  125 +1.054773719643e+00 +0.000000000000e+00 0.167872451
 160  136 +1.487235150104e+01 +0.000000000000e+00 2.36700826
 160  148 +4.640525924584e+00 +0.000000000000e+00 0.738562639
 160  161 -1.259968031633e+01 +0.000000000000e+00 2.0053014
 161   52 +1.097573094511e-03 +0.000000000000e+00 0.000174684183
 161   59 +6.371218491977e-05 +0.000000000000e+00 1.01401092e-05
 161   67 +7.704597547238e+00 +0.000000000000e+00 1.22622478
 161   76 -2.017762205651e+01 +0.000000000000e+00 3.21136829
 161  126 -2.058290179875e+00 +0.000000000000e+00 0.327587056
 161  137 +1.456418693984e+01 +0.000000000000e+00 2.31796234
 161  149 -2.903162366275e+00 +0.000000000000e+00 0.462052641
 161  162 -2.380517032131e+01 +0.000000000000e+00 3.78871053
 162   53 +5.819240743709e-04 +0.000000000000e+00 9.26160929e-05
 162   68 +6.569009761387e+00 +0.000000000000e+00 1.04549037
 162   77 +1.077193211973e+01 +0.000000000000e+00 1.71440624
 162  127 -2.846329138273e+00 +0.000000000000e+00 0.453007352
 162  138 +1.244683241139e+01 +0.000000000000e+00 1.9809749
 162  150 +6.464233397642e-01 +0.000000000000e+00 0.10288147
 162  163 -3.264632027439e+01 +0.000000000000e+00 5.19582325
 163   69 +4.432889126300e+00 +0.000000000000e+00 0.705516217
 163  128 +3.265088006776e+00 +0.000000000000e+00 0.519654896
 163  139 +8.424257703944e+00 +0.000000000000e+00 1.34076226
 163  151 -2.118748469779e+00 +0.000000000000e+00 0.337209292
 163  164 +3.735853263450e+01 +0.000000000000e+00 5.94579514
 164  129 -3.020997596262e+00 +0.000000000000e+00 0.480806701
 164  152 -5.381962526192e+00 +0.000000000000e+00 0.85656594
 164  165 +3.456195242880e+01 +0.000000000000e+00 5.50070557
 165  153 +9.133308757158e+00 +0.000000000000e+00 1.45361124
 166   96 +2.172800674774e+01 +0.000000000000e+00 3.45811968
 166  167 -3.295586617560e+01 +0.000000000000e+00 5.24508901
 166  180 -9.955740225200e+00 +0.000000000000e+00 1.58450527
 167   78 +3.926135397369e+01 +0.000000000000e+00 6.24863856
 167   97 -1.278924551135e+01 +0.000000000000e+00 2.03547164
 167  108 -2.395442603003e+00 +0.000000000000e+00 0.381246531
 167  168 -3.739833674678e+01 +0.000000000000e+00 5.95213016
 167  181 +5.783070952266e+00 +0.000000000000e+00 0.920404328
 168   32 +6.728348738764e-05 +0.000000000000e+00 1.07084996e-05
 168   79 -4.816465920426e+01 +0.000000000000e+00 7.66564359
 168   88 -1.146494726956e-01 +0.000000000000e+00 0.0182470303
 168   98 -5.083062943158e+00 +0.000000000000e+00 0.808994593
 168  109 -2.907943808678e+00 +0.000000000000e+00 0.462813631
 168  169 +3.517399118829e+01 +0.000000000000e+00 5.59811457
 168  182 +2.244379349050e+00 +0.000000000000e+00 0.357204068
 169   33 +9.382671654987e-05 +0.000000000000e+00 1.49329857e-05
 169   40 +1.091995571656e-06 +0.000000000000e+00 1.73796493e-07
 169   80 +5.038750221808e+01 +0.000000000000e+00 8.01942005
 169   89 -1.571931536694e-01 +0.000000000000e+00 0.0250180674
 169   99 -1.383430547437e+00 +0.000000000000e+00 0.22017981
 169  110 -3.010717870278e+00 +0.000000000000e+00 0.479170631
 169  170 -2.914207273840e+01 +0.000000000000e+00 4.63810493
 169  183 -6.747284724521e-01 +0.000000000000e+00 0.107386372
 170   34 -1.037026034697e-04 +0.000000000000e+00 1.6504782e-05
 170   41 +1.524831376250e-06 +0.000000000000e+00 2.42684451e-07
 170   81 -4.875559305121e+01 +0.000000000000e+00 7.75969364
 170   90 +1.708825065752e-01 +0.000000000000e+00 0.0271967956
 170  100 +6.603282833897e+00 +0.000000000000e+00 1.0509451
 170  111 -2.883450881729e+00 +0.000000000000e+00 0.458915461
 170  171 -2.071710666726e+01 +0.000000000000e+00 3.29722993
 170  184 +2.987947014518e+00 +0.000000000000e+00 0.475546537
 171   35 -1.006526494679e-04 +0.000000000000e+00 1.60193667e-05
 171   42 +1.587328795710e-06 +0.000000000000e+00 2.52631224e-07
 171   82 -4.457597714212e+01 +0.000000000000e+00 7.09448711
 171   91 -1.631864682349e-01 +0.000000000000e+00 0.0259719331
 171  101 -1.056957744302e+01 +0.000000000000e+00 1.6822005
 171  112 +2.609633929140e+00 +0.000000000000e+00 0.415336139
 171  172 +1.084133353218e+01 +0.000000000000e+00 1.72545182
 171  185 -4.708266108921e+00 +0.000000000000e+00 0.749343825
 172   36 -8.789916909630e-05 +0.000000000000e+00 1.39895873e-05
 172   43 +1.357818499856e-06 +0.000000000000e+00 2.16103526e-07
 172   83 -3.866188338394e+01 +0.000000000000e+00 6.15322985
 172   92 -1.402614040882e-01 +0.000000000000e+00 0.0223232958
 172  102 -1.327521662868e+01 +0.000000000000e+00 2.11281635
 172  113 +2.240787407184e+00 +0.000000000000e+00 0.356632392
 172  173 +2.614945657948e-01 +0.000000000000e+00 0.0416181527
 172  186 -5.847922941535e+00 +0.000000000000e+00 0.930725843
 173   37 +6.863994495411e-05 +0.000000000000e+00 1.09243865e-05
 173   44 -9.485197769762e-07 +0.000000000000e+00 1.50961611e-07
 173   84 +3.161359769469e+01 +0.000000000000e+00 5.03146034
 173   93 -1.078355879203e-01 +0.000000000000e+00 0.0171625669
 173  103 -1.471248688979e+01 +0.000000000000e+00 2.34156501
 173  114 +1.814167957831e+00 +0.000000000000e+00 0.288733798
 173  174 -1.035018928653e+01 +0.000000000000e+00 1.64728379
 173  187 -6.418260312637e+00 +0.000000000000e+00 1.02149785
 174   38 +4.612065633021e-05 +0.000000000000e+00 7.34033043e-06
 174   45 +4.839757656470e-07 +0.000000000000e+00 7.70271354e-08
 174   85 +2.393189265316e+01 +0.000000000000e+00 3.80887901
 174   94 -7.135820712984e-02 +0.000000000000e+00 0.0113570114
 174  104 -1.487206151688e+01 +0.000000000000e+00 2.3669621
 174  115 -1.359916508088e+00 +0.000000000000e+00 0.216437434
 174  175 -2.031851430461e+01 +0.000000000000e+00 3.23379199
 174  188 +6.429347437391e+00 +0.000000000000e+00 1.02326243
 175   39 +2.356628258939e-05 +0.000000000000e+00 3.75069036e-06
 175   86 -1.607650299218e+01 +0.000000000000e+00 2.55865492
 175   95 -3.591938360708e-02 +0.000000000000e+00 0.00571674745
 175  105 +1.374028724156e+01 +0.000000000000e+00 2.18683463
 175  116 -9.046964634079e-01 +0.000000000000e+00 0.143986914
 175  176 -2.888731541465e+01 +0.000000000000e+00 4.59755904
 175  189 -5.888882955223e+00 +0.000000000000e+00 0.937244832
 176   87 -8.484675886571e+00 +0.000000000000e+00 1.35037811
 176  106 -1.128976200280e+01 +0.000000000000e+00 1.79682143
 176  117 +4.728963544189e-01 +0.000000000000e+00 0.0752637924
 176  177 -3.509673015514e+01 +0.000000000000e+00 5.58581809
 176  190 +4.798298850231e+00 +0.000000000000e+00 0.76367298
 177  107 -7.428986444098e+00 +0.000000000000e+00 1.18235991
 177  178 +3.750177088167e+01 +0.000000000000e+00 5.96859221
 177  191 +3.131796798510e+00 +0.000000000000e+00 0.498440941
 178  179 +3.318466484696e+01 +0.000000000000e+00 5.28150345
 180   78 +1.186361748934e+01 +0.000000000000e+00 1.88815337
 180   97 +3.261846323791e+00 +0.000000000000e+00 0.519138966
 180  108 +2.082436801328e+01 +0.000000000000e+00 3.31430111
 180  168 +3.355042693243e+00 +0.000000000000e+00 0.533971629
 180  181 +3.459159222293e+01 +0.000000000000e+00 5.50542289
 181   32 -2.389801489199e-03 +0.000000000000e+00 0.00038034872
 181   79 +6.008252183387e+00 +0.000000000000e+00 0.956243034
 181   88 -4.210874451009e+01 +0.000000000000e+00 6.70181484
 181   98 -3.492732699763e+00 +0.000000000000e+00 0.555885674
 181  109 -1.039234414755e+01 +0.000000000000e+00 1.65399294
 181  169 +5.069929176991e+00 +0.000000000000e+00 0.80690429
 181  182 -3.723814595474e+01 +0.000000000000e+00 5.926635
 182   33 +2.803157236497e-03 +0.000000000000e+00 0.00044613633
 182   40 -1.613716190876e-04 +0.000000000000e+00 2.56830909e-05
 182   80 +1.202702783569e+00 +0.000000000000e+00 0.191416093
 182   89 +4.975664860499e+01 +0.000000000000e+00 7.91901658
 182   99 -3.022288073201e+00 +0.000000000000e+00 0.481012086
 182  110 +1.760716649228e+00 +0.000000000000e+00 0.280226758
 182  170 +6.137121731624e+00 +0.000000000000e+00 0.97675326
 182  183 +3.236155180076e+01 +0.000000000000e+00 5.15050094
 183   34 +2.779197585313e-03 +0.000000000000e+00 0.000442323034
 183   41 +2.073603832978e-04 +0.000000000000e+00 3.300243e-05
 183   81 -2.573159791836e+00 +0.000000000000e+00 0.4095311
 183   90 +4.969121424816e+01 +0.000000000000e+00 7.90860238
 183  100 -2.179510473127e+00 +0.000000000000e+00 0.346879865
 183  111 +5.076604937200e+00 +0.000000000000e+00 0.80796677
 183  171 -6.608770476551e+00 +0.000000000000e+00 1.05181849
 183  184 +2.338238617586e+01 +0.000000000000e+00 3.72142234
 184   35 -2.515639774330e-03 +0.000000000000e+00 0.000400376505
 184   42 -2.064211066521e-04 +0.000000000000e+00 3.28529395e-05
 184   82 +5.338102269547e+00 +0.000000000000e+00 0.849585363
 184   91 +4.530338159882e+01 +0.000000000000e+00 7.21025712
 184  101 -1.134863192388e+00 +0.000000000000e+00 0.180619087
 184  112 +1.012485364340e+01 +0.000000000000e+00 1.61142051
 184  172 -6.507218597981e+00 +0.000000000000e+00 1.03565601
 184  185 +1.208656204893e+01 +0.000000000000e+00 1.9236361
 185   36 -2.108381899808e-03 +0.000000000000e+00 0.000335559401
 185   43 -1.736880688390e-04 +0.000000000000e+00 2.76433147e-05
 185   83 +7.109348345113e+00 +0.000000000000e+00 1.13148793
 185   92 +3.824026362631e+01 +0.000000000000e+00 6.08612698
 185  102 -6.919948835697e-03 +0.000000000000e+00 0.00110134406
 185  113 +1.338793848254e+01 +0.000000000000e+00 2.13075659
 185  173 -5.847951614629e+00 +0.000000000000e+00 0.930730406
 185  186 -2.611230733490e-01 +0.000000000000e+00 0.0415590279
 186   37 +1.619692609959e-03 +0.000000000000e+00 0.000257782085
 186   44 +1.222880911548e-04 +0.000000000000e+00 1.94627542e-05
 186   84 -7.902045784193e+00 +0.000000000000e+00 1.25764965
 186   93 +2.958441193328e+01 +0.000000000000e+00 4.7085054
 186  103 +1.105333084451e+00 +0.000000000000e+00 0.175919224
 186  114 +1.486731818043e+01 +0.000000000000e+00 2.36620718
 186  174 -4.643910371852e+00 +0.000000000000e+00 0.739101291
 186  187 -1.257892983204e+01 +0.000000000000e+00 2.00199886
 187   38 +1.097448982888e-03 +0.000000000000e+00 0.00017466443
 187   45 -6.443761668319e-05 +0.000000000000e+00 1.02555652e-05
 187   85 -7.727675581230e+00 +0.000000000000e+00 1.22989777
 187   94 +2.018573094694e+01 +0.000000000000e+00 3.21265886
 187  104 +2.105681166540e+00 +0.000000000000e+00 0.335129566
 187  115 -1.455887131166e+01 +0.000000000000e+00 2.31711634
 187  175 -2.906746425238e+00 +0.000000000000e+00 0.462623062
 187  188 +2.378839490089e+01 +0.000000000000e+00 3.78604064
 188   39 -5.818851197039e-04 +0.000000000000e+00 9.26098931e-05
 188   86 -6.588345198604e+00 +0.000000000000e+00 1.04856771
 188   95 -1.077704977414e+01 +0.000000000000e+00 1.71522074
 188  105 +2.884580458260e+00 +0.000000000000e+00 0.459095239
 188  116 +1.244194350138e+01 +0.000000000000e+00 1.98019681
 188  176 +6.472936173355e-01 +0.000000000000e+00 0.103019979
 188  189 +3.263521924311e+01 +0.000000000000e+00 5.19405646
 189   87 +4.446014935572e+00 +0.000000000000e+00 0.707605254
 189  106 +3.289833937676e+00 +0.000000000000e+00 0.523593333
 189  117 +8.420712260599e+00 +0.000000000000e+00 1.34019798
 189  177 +2.124218983745e+00 +0.000000000000e+00 0.338079951
 189  190 +3.735389116558e+01 +0.000000000000e+00 5.94505642
 190  107 -3.030705432191e+00 +0.000000000000e+00 0.482351751
 190  178 +5.398055382033e+00 +0.000000000000e+00 0.859127197
 190  191 -3.456299238065e+01 +0.000000000000e+00 5.50087109
 191  179 -9.164905989493e+00 +0.000000000000e+00 1.45864009
